<?xml version="1.0" encoding="utf-8"?>
<COLLADA xmlns="http://www.collada.org/2005/11/COLLADASchema" version="1.4.1">
  <asset>
    <contributor>
      <author>Mixamo</author>
      <authoring_tool>COLLADA Mixamo exporter</authoring_tool>
      <comments/>
    </contributor>
    <created>2021-07-12T12:03:44Z</created>
    <modified>2021-07-12T12:03:44Z</modified>
    <revision/>
    <title/>
    <unit meter="0.010000"/>
    <up_axis>Y_UP</up_axis>
  </asset>
  <library_animations>
    <animation>
      <source id="Hips-Matrix-animation-input">
        <float_array id="Hips-Matrix-animation-input-array" count="55">

0.000000 0.033333 0.066667 0.100000 0.133333 0.166667 0.200000 0.233333 0.266667 0.300000 0.333333 0.366667 0.400000 0.433333 0.466667 0.500000
0.533333 0.566667 0.600000 0.633333 0.666667 0.700000 0.733333 0.766667 0.800000 0.833333 0.866667 0.900000 0.933333 0.966667 1.000000 1.033333
1.066667 1.100000 1.133333 1.166667 1.200000 1.233333 1.266667 1.300000 1.333333 1.366667 1.400000 1.433333 1.466667 1.500000 1.533333 1.566667
1.600000 1.633333 1.666667 1.700000 1.733333 1.766667 1.800000</float_array>
        <technique_common>
          <accessor source="#Hips-Matrix-animation-input-array" count="55">
            <param name="TIME" type="float"/>
          </accessor>
        </technique_common>
      </source>
      <source id="Hips-Matrix-animation-output-transform">
        <float_array id="Hips-Matrix-animation-output-transform-array" count="880">

0.592444 0.024232 -0.805247 -0.703424 0.108979 0.987949 0.109909 84.739967 0.798206 -0.152870 0.582664 -0.117018 0.000000 0.000000 0.000000 1.000000
0.621905 0.011476 -0.783008 -1.941087 0.125838 0.985434 0.114389 84.904266 0.772916 -0.169671 0.611402 -2.055533 0.000000 0.000000 0.000000 1.000000
0.689576 -0.008463 -0.724164 -2.907393 0.131000 0.984894 0.113233 85.219200 0.712267 -0.172949 0.680268 -5.060146 0.000000 0.000000 0.000000 1.000000
0.788584 -0.039009 -0.613689 -3.720023 0.131380 0.985630 0.106170 85.954391 0.600728 -0.164351 0.782377 -9.346736 0.000000 0.000000 0.000000 1.000000
0.878441 -0.084214 -0.470371 -4.610703 0.135308 0.987898 0.075824 87.134186 0.458293 -0.130252 0.879205 -14.194327 0.000000 0.000000 0.000000 1.000000
0.931281 -0.139058 -0.336716 -5.922392 0.153774 0.987955 0.017298 88.482727 0.330255 -0.067887 0.941447 -18.757751 0.000000 0.000000 0.000000 1.000000
0.956122 -0.185429 -0.226820 -7.556023 0.181750 0.982641 -0.037186 89.222130 0.229778 -0.005670 0.973227 -22.868538 0.000000 0.000000 0.000000 1.000000
0.969819 -0.208336 -0.126677 -8.968019 0.203908 0.977855 -0.047121 88.432953 0.133689 0.019868 0.990824 -26.114536 0.000000 0.000000 0.000000 1.000000
0.975917 -0.216474 -0.026941 -10.183699 0.216204 0.976267 -0.012564 86.357887 0.029021 0.006437 0.999558 -28.636778 0.000000 0.000000 0.000000 1.000000
0.974548 -0.213848 0.067271 -11.247001 0.211638 0.976590 0.038497 83.952301 -0.073929 -0.023280 0.996992 -30.549520 0.000000 0.000000 0.000000 1.000000
0.968054 -0.198844 0.152751 -12.024632 0.187753 0.978615 0.084034 81.752159 -0.166194 -0.052670 0.984686 -31.942596 0.000000 0.000000 0.000000 1.000000
0.958085 -0.175862 0.226155 -12.566362 0.153083 0.981531 0.114730 79.701080 -0.242155 -0.075301 0.967311 -33.376640 0.000000 0.000000 0.000000 1.000000
0.948458 -0.153394 0.277305 -12.871872 0.123923 0.984892 0.120955 77.503761 -0.291669 -0.080356 0.953138 -35.239433 0.000000 0.000000 0.000000 1.000000
0.944334 -0.131675 0.301487 -12.968098 0.105115 0.989136 0.102761 74.912086 -0.311743 -0.065350 0.947917 -37.527035 0.000000 0.000000 0.000000 1.000000
0.947920 -0.103521 0.301215 -12.861018 0.085413 0.993689 0.072713 71.826515 -0.306842 -0.043198 0.950780 -40.093842 0.000000 0.000000 0.000000 1.000000
0.955650 -0.064565 0.287341 -12.527992 0.051761 0.997308 0.051946 68.177750 -0.289921 -0.034769 0.956419 -42.902958 0.000000 0.000000 0.000000 1.000000
0.960954 -0.020699 0.275933 -12.068431 0.004944 0.998323 0.057673 63.826050 -0.276665 -0.054057 0.959445 -45.876900 0.000000 0.000000 0.000000 1.000000
0.959732 0.014176 0.280561 -11.604648 -0.044320 0.993859 0.101390 58.447655 -0.277401 -0.109741 0.954466 -48.977200 0.000000 0.000000 0.000000 1.000000
0.953471 0.026381 0.300329 -11.274239 -0.084170 0.979847 0.181149 52.096634 -0.289498 -0.197999 0.936476 -52.188793 0.000000 0.000000 0.000000 1.000000
0.944283 0.016968 0.328697 -11.228671 -0.117252 0.950494 0.287774 45.196075 -0.307541 -0.310281 0.899524 -55.460236 0.000000 0.000000 0.000000 1.000000
0.930414 0.005289 0.366472 -11.427560 -0.165448 0.898282 0.407083 37.655796 -0.327042 -0.439388 0.836649 -58.702084 0.000000 0.000000 0.000000 1.000000
0.912293 0.005184 0.409506 -11.730149 -0.237183 0.821846 0.517990 29.468170 -0.333866 -0.569686 0.750993 -61.741695 0.000000 0.000000 0.000000 1.000000
0.899693 0.005600 0.436487 -12.111172 -0.300734 0.732718 0.610478 21.918592 -0.316403 -0.680509 0.660905 -64.254303 0.000000 0.000000 0.000000 1.000000
0.900957 -0.014385 0.433670 -12.531734 -0.324249 0.641831 0.694922 16.967243 -0.288340 -0.766711 0.573597 -65.921646 0.000000 0.000000 0.000000 1.000000
0.904361 -0.051122 0.423695 -13.151573 -0.332295 0.538612 0.774259 15.385960 -0.267789 -0.841002 0.470112 -67.137512 0.000000 0.000000 0.000000 1.000000
0.898484 -0.077643 0.432085 -13.982304 -0.366508 0.409121 0.835639 15.469590 -0.241657 -0.909171 0.339132 -68.850037 0.000000 0.000000 0.000000 1.000000
0.891110 -0.082913 0.446148 -14.615128 -0.413240 0.257957 0.873322 15.193410 -0.187497 -0.962592 0.195605 -71.425400 0.000000 0.000000 0.000000 1.000000
0.892501 -0.087679 0.442442 -14.833240 -0.434813 0.093538 0.895650 14.445862 -0.119915 -0.991747 0.045359 -74.573357 0.000000 0.000000 0.000000 1.000000
0.898669 -0.109449 0.424752 -14.719033 -0.434247 -0.085503 0.896727 13.915796 -0.061828 -0.990308 -0.124366 -77.726974 0.000000 0.000000 0.000000 1.000000
0.899224 -0.134654 0.416251 -14.596338 -0.437463 -0.266430 0.858860 14.043622 -0.004747 -0.954402 -0.298487 -80.406715 0.000000 0.000000 0.000000 1.000000
0.893483 -0.147919 0.424038 -14.847549 -0.445634 -0.409058 0.796293 14.905316 0.055669 -0.900439 -0.431404 -82.511154 0.000000 0.000000 0.000000 1.000000
0.886685 -0.153893 0.436013 -15.510850 -0.452939 -0.478628 0.752171 16.222843 0.092934 -0.864426 -0.494096 -84.478569 0.000000 0.000000 0.000000 1.000000
0.884654 -0.163267 0.436729 -16.372690 -0.456542 -0.493464 0.740312 17.432913 0.094642 -0.854305 -0.511083 -86.719017 0.000000 0.000000 0.000000 1.000000
0.892198 -0.172153 0.417547 -17.289349 -0.444362 -0.499943 0.743370 18.042458 0.080777 -0.848776 -0.522547 -89.189583 0.000000 0.000000 0.000000 1.000000
0.907735 -0.173013 0.382209 -18.169405 -0.413560 -0.522306 0.745764 17.875391 0.070603 -0.835023 -0.545667 -91.581825 0.000000 0.000000 0.000000 1.000000
0.923367 -0.169411 0.344519 -18.828276 -0.379119 -0.543799 0.748700 17.103235 0.060511 -0.821938 -0.566353 -93.445549 0.000000 0.000000 0.000000 1.000000
0.931153 -0.170108 0.322518 -19.189770 -0.361664 -0.543445 0.757539 16.101845 0.046408 -0.822028 -0.567553 -94.538452 0.000000 0.000000 0.000000 1.000000
0.929767 -0.178235 0.322126 -19.544918 -0.367014 -0.517387 0.773054 15.266130 0.028879 -0.836985 -0.546464 -95.215805 0.000000 0.000000 0.000000 1.000000
0.923086 -0.189274 0.334794 -19.784210 -0.384566 -0.464482 0.797725 14.577478 0.004517 -0.865120 -0.501545 -95.799454 0.000000 0.000000 0.000000 1.000000
0.917776 -0.197003 0.344786 -19.779371 -0.396144 -0.394028 0.829345 14.228739 -0.027529 -0.897737 -0.439671 -96.126297 0.000000 0.000000 0.000000 1.000000
0.917554 -0.196412 0.345712 -19.768112 -0.394562 -0.342314 0.852726 14.395321 -0.049143 -0.918827 -0.391588 -95.811058 0.000000 0.000000 0.000000 1.000000
0.921273 -0.185639 0.341751 -19.911802 -0.386486 -0.338938 0.857758 14.479366 -0.043401 -0.922312 -0.384002 -95.049850 0.000000 0.000000 0.000000 1.000000
0.924446 -0.172651 0.339987 -20.057320 -0.380525 -0.360417 0.851646 14.300111 -0.024500 -0.916674 -0.398884 -94.405655 0.000000 0.000000 0.000000 1.000000
0.925525 -0.168391 0.339189 -20.055147 -0.378194 -0.365271 0.850616 14.233418 -0.019340 -0.915545 -0.401751 -94.261536 0.000000 0.000000 0.000000 1.000000
0.926177 -0.175705 0.333651 -19.954489 -0.375543 -0.349779 0.858267 14.331331 -0.034098 -0.920208 -0.389943 -94.406471 0.000000 0.000000 0.000000 1.000000
0.927358 -0.184947 0.325273 -19.870197 -0.370922 -0.339979 0.864194 14.351775 -0.049244 -0.922068 -0.383883 -94.556526 0.000000 0.000000 0.000000 1.000000
0.928647 -0.188418 0.319551 -19.815706 -0.367177 -0.344102 0.864161 14.191198 -0.052866 -0.919833 -0.388732 -94.710472 0.000000 0.000000 0.000000 1.000000
0.929515 -0.187375 0.317636 -19.733671 -0.365356 -0.350708 0.862275 13.977509 -0.050171 -0.917548 -0.394447 -94.909630 0.000000 0.000000 0.000000 1.000000
0.930001 -0.186393 0.316790 -19.682693 -0.364285 -0.352667 0.861930 13.854658 -0.048936 -0.916997 -0.395881 -95.082771 0.000000 0.000000 0.000000 1.000000
0.930249 -0.186625 0.315925 -19.670683 -0.363564 -0.352442 0.862326 13.819010 -0.049586 -0.917036 -0.395709 -95.156479 0.000000 0.000000 0.000000 1.000000
0.930312 -0.186940 0.315553 -19.670074 -0.363354 -0.352601 0.862349 13.814203 -0.049944 -0.916911 -0.395955 -95.150040 0.000000 0.000000 0.000000 1.000000
0.930236 -0.186838 0.315835 -19.675295 -0.363578 -0.352670 0.862227 13.823582 -0.049711 -0.916905 -0.395997 -95.120766 0.000000 0.000000 0.000000 1.000000
0.930101 -0.186646 0.316347 -19.691071 -0.363948 -0.352162 0.862278 13.846579 -0.049535 -0.917140 -0.395476 -95.092216 0.000000 0.000000 0.000000 1.000000
0.929988 -0.186558 0.316731 -19.707378 -0.364239 -0.351599 0.862385 13.870172 -0.049523 -0.917374 -0.394934 -95.064865 0.000000 0.000000 0.000000 1.000000
0.929927 -0.186516 0.316934 -19.715473 -0.364399 -0.351377 0.862408 13.882682 -0.049490 -0.917467 -0.394721 -95.044983 0.000000 0.000000 0.000000 1.000000</float_array>
        <technique_common>
          <accessor source="#Hips-Matrix-animation-output-transform-array" count="55" stride="16">
            <param type="float4x4"/>
          </accessor>
        </technique_common>
      </source>
      <source id="Hips-Interpolations">
        <Name_array id="Hips-Interpolations-array" count="55">
 LINEAR LINEAR LINEAR LINEAR LINEAR LINEAR LINEAR LINEAR LINEAR LINEAR LINEAR
LINEAR LINEAR LINEAR LINEAR LINEAR LINEAR LINEAR LINEAR LINEAR LINEAR LINEAR LINEAR
LINEAR LINEAR LINEAR LINEAR LINEAR LINEAR LINEAR LINEAR LINEAR LINEAR LINEAR LINEAR
LINEAR LINEAR LINEAR LINEAR LINEAR LINEAR LINEAR LINEAR LINEAR LINEAR LINEAR LINEAR
LINEAR LINEAR LINEAR LINEAR LINEAR LINEAR LINEAR LINEAR</Name_array>
        <technique_common>
          <accessor source="#Hips-Interpolations-array" count="55">
            <param type="name"/>
          </accessor>
        </technique_common>
      </source>
      <sampler id="Hips-Matrix-animation-transform">
        <input semantic="INPUT" source="#Hips-Matrix-animation-input"/>
        <input semantic="OUTPUT" source="#Hips-Matrix-animation-output-transform"/>
        <input semantic="INTERPOLATION" source="#Hips-Interpolations"/>
      </sampler>
      <channel source="#Hips-Matrix-animation-transform" target="Hips/matrix"/>
      <source id="Spine-Matrix-animation-input">
        <float_array id="Spine-Matrix-animation-input-array" count="55">

0.000000 0.033333 0.066667 0.100000 0.133333 0.166667 0.200000 0.233333 0.266667 0.300000 0.333333 0.366667 0.400000 0.433333 0.466667 0.500000
0.533333 0.566667 0.600000 0.633333 0.666667 0.700000 0.733333 0.766667 0.800000 0.833333 0.866667 0.900000 0.933333 0.966667 1.000000 1.033333
1.066667 1.100000 1.133333 1.166667 1.200000 1.233333 1.266667 1.300000 1.333333 1.366667 1.400000 1.433333 1.466667 1.500000 1.533333 1.566667
1.600000 1.633333 1.666667 1.700000 1.733333 1.766667 1.800000</float_array>
        <technique_common>
          <accessor source="#Spine-Matrix-animation-input-array" count="55">
            <param name="TIME" type="float"/>
          </accessor>
        </technique_common>
      </source>
      <source id="Spine-Matrix-animation-output-transform">
        <float_array id="Spine-Matrix-animation-output-transform-array" count="880">

0.998740 0.047607 0.015905 0.000000 -0.045432 0.992124 -0.116728 13.663900 -0.021337 0.115858 0.993037 -1.184000 0.000000 0.000000 0.000000 1.000000
0.997241 0.074121 0.003983 -0.000000 -0.072793 0.987053 -0.142926 13.663900 -0.014525 0.142242 0.989725 -1.184000 0.000000 0.000000 0.000000 1.000000
0.995475 0.094420 0.010656 -0.000000 -0.089389 0.968607 -0.231969 13.663900 -0.032224 0.229966 0.972665 -1.184000 0.000000 0.000000 0.000000 1.000000
0.994843 0.097261 0.028779 0.000000 -0.078597 0.918564 -0.387380 13.663900 -0.064112 0.383120 0.921471 -1.184000 0.000000 0.000000 0.000000 1.000000
0.995515 0.085010 0.041515 0.000000 -0.048065 0.832446 -0.552017 13.663900 -0.081486 0.547546 0.832799 -1.184000 0.000000 0.000000 0.000000 1.000000
0.995538 0.083711 0.043543 0.000000 -0.032569 0.737952 -0.674066 13.663900 -0.088559 0.669641 0.737386 -1.184000 0.000000 0.000000 0.000000 1.000000
0.994942 0.089811 0.044989 0.000000 -0.024809 0.653709 -0.756339 13.663900 -0.097338 0.751397 0.652631 -1.184000 0.000000 0.000000 0.000000 1.000000
0.995433 0.076537 0.057049 -0.000000 0.002836 0.573656 -0.819091 13.663900 -0.095417 0.815512 0.570820 -1.184000 0.000000 0.000000 0.000000 1.000000
0.996828 0.044325 0.066093 -0.000000 0.035025 0.501381 -0.864518 13.663900 -0.071458 0.864091 0.498238 -1.184000 0.000000 0.000000 0.000000 1.000000
0.997818 0.009942 0.065266 0.000000 0.053558 0.456118 -0.888306 13.663900 -0.038601 0.889864 0.454590 -1.184000 0.000000 0.000000 0.000000 1.000000
0.997548 -0.021900 0.066472 0.000000 0.069368 0.435363 -0.897579 13.663900 -0.009283 0.899989 0.435814 -1.184000 0.000000 0.000000 0.000000 1.000000
0.995870 -0.053911 0.073049 0.000000 0.088981 0.419836 -0.903228 13.663900 0.018026 0.905998 0.422899 -1.184000 0.000000 0.000000 0.000000 1.000000
0.993793 -0.081641 0.075565 -0.000000 0.102061 0.398871 -0.911310 13.663900 0.044259 0.913366 0.404727 -1.184000 0.000000 0.000000 0.000000 1.000000
0.992513 -0.101430 0.068046 0.000000 0.101561 0.375864 -0.921093 13.663900 0.067851 0.921107 0.383351 -1.184000 0.000000 0.000000 0.000000 1.000000
0.992133 -0.114937 0.049619 0.000000 0.087331 0.351435 -0.932130 13.663900 0.089698 0.929130 0.358708 -1.184000 0.000000 0.000000 0.000000 1.000000
0.991783 -0.125688 0.023841 -0.000000 0.063349 0.320601 -0.945094 13.663900 0.111144 0.938838 0.325929 -1.184000 0.000000 0.000000 0.000000 1.000000
0.990728 -0.135860 0.000980 0.000000 0.039645 0.282184 -0.958541 13.663900 0.129951 0.949692 0.284953 -1.184000 0.000000 0.000000 0.000000 1.000000
0.989529 -0.144162 -0.007116 0.000000 0.028054 0.240454 -0.970255 13.663900 0.141585 0.959896 0.241980 -1.184000 0.000000 0.000000 0.000000 1.000000
0.989389 -0.145278 -0.002139 0.000000 0.027733 0.203279 -0.978728 13.663900 0.142623 0.968283 0.205151 -1.184000 0.000000 0.000000 0.000000 1.000000
0.990285 -0.138687 0.010040 0.000000 0.034926 0.178199 -0.983374 13.663900 0.134592 0.974172 0.181312 -1.184000 0.000000 0.000000 0.000000 1.000000
0.990574 -0.133513 0.030604 0.000000 0.053427 0.170874 -0.983843 13.663900 0.126126 0.976205 0.176397 -1.184000 0.000000 0.000000 0.000000 1.000000
0.990030 -0.128854 0.056891 0.000000 0.080743 0.188215 -0.978803 13.663900 0.115415 0.973638 0.196742 -1.184000 0.000000 0.000000 0.000000 1.000000
0.992029 -0.099075 0.077866 -0.000000 0.100336 0.247216 -0.963751 13.663900 0.076233 0.963882 0.255187 -1.184000 0.000000 0.000000 0.000000 1.000000
0.995818 -0.027019 0.087267 0.000000 0.091175 0.353766 -0.930880 13.663900 -0.005720 0.934944 0.354750 -1.184000 0.000000 0.000000 0.000000 1.000000
0.994409 0.052573 0.091575 -0.000000 0.055827 0.474359 -0.878560 13.663900 -0.089628 0.878761 0.468772 -1.184000 0.000000 0.000000 0.000000 1.000000
0.990474 0.090466 0.103810 -0.000000 0.037261 0.549681 -0.834544 13.663900 -0.132560 0.830462 0.541074 -1.184000 0.000000 0.000000 0.000000 1.000000
0.986689 0.082508 0.140133 -0.000000 0.066368 0.582382 -0.810202 13.663900 -0.148459 0.808718 0.569154 -1.184000 0.000000 0.000000 0.000000 1.000000
0.980285 0.053520 0.190200 0.000000 0.121973 0.593391 -0.795619 13.663900 -0.155445 0.803133 0.575164 -1.184000 0.000000 0.000000 0.000000 1.000000
0.975431 0.017534 0.219605 0.000000 0.166478 0.594202 -0.786898 13.663900 -0.144288 0.804125 0.576684 -1.184000 0.000000 0.000000 0.000000 1.000000
0.977152 -0.022395 0.211359 0.000000 0.180406 0.613162 -0.769082 13.663900 -0.112374 0.789640 0.603192 -1.184000 0.000000 0.000000 0.000000 1.000000
0.985657 -0.046500 0.162226 0.000000 0.150888 0.673351 -0.723762 13.663900 -0.075580 0.737859 0.670710 -1.184000 0.000000 0.000000 0.000000 1.000000
0.997214 -0.035892 0.065397 0.000000 0.069931 0.755004 -0.651981 13.663900 -0.025974 0.654737 0.755410 -1.184000 0.000000 0.000000 0.000000 1.000000
0.997099 -0.016455 -0.074315 0.000000 -0.030194 0.810735 -0.584634 13.663900 0.069870 0.585182 0.807886 -1.184000 0.000000 0.000000 0.000000 1.000000
0.979000 -0.010579 -0.203584 0.000000 -0.105753 0.827416 -0.551542 13.663900 0.174283 0.561489 0.808922 -1.184000 0.000000 0.000000 0.000000 1.000000
0.965091 0.000283 -0.261913 0.000000 -0.148904 0.823260 -0.547786 13.663900 0.215468 0.567664 0.794564 -1.184000 0.000000 0.000000 0.000000 1.000000
0.965683 0.031392 -0.257820 0.000000 -0.174466 0.813763 -0.554393 13.663900 0.192401 0.580348 0.791314 -1.184000 0.000000 0.000000 0.000000 1.000000
0.967593 0.064392 -0.244168 0.000000 -0.194955 0.805046 -0.560262 13.663900 0.160490 0.589707 0.791510 -1.184000 0.000000 0.000000 0.000000 1.000000
0.963048 0.098983 -0.250481 -0.000000 -0.224838 0.807483 -0.545361 13.663900 0.148277 0.581527 0.799900 -1.184000 0.000000 0.000000 0.000000 1.000000
0.954704 0.138514 -0.263353 0.000000 -0.257512 0.828059 -0.498002 13.663900 0.149092 0.543261 0.826220 -1.184000 0.000000 0.000000 0.000000 1.000000
0.947440 0.182103 -0.263052 0.000000 -0.283589 0.858629 -0.427006 13.663900 0.148105 0.479161 0.865141 -1.184000 0.000000 0.000000 0.000000 1.000000
0.944824 0.211475 -0.250170 0.000000 -0.295807 0.878890 -0.374235 13.663900 0.140731 0.427588 0.892952 -1.184000 0.000000 0.000000 0.000000 1.000000
0.948450 0.210181 -0.237205 -0.000000 -0.288654 0.881899 -0.372738 13.663900 0.130848 0.421993 0.897107 -1.184000 0.000000 0.000000 0.000000 1.000000
0.953156 0.192127 -0.233624 0.000000 -0.273868 0.876051 -0.396902 13.663900 0.128411 0.442292 0.887631 -1.184000 0.000000 0.000000 0.000000 1.000000
0.953732 0.185164 -0.236874 0.000000 -0.269732 0.874983 -0.402056 13.663900 0.132815 0.447347 0.884444 -1.184000 0.000000 0.000000 0.000000 1.000000
0.950527 0.197086 -0.240116 0.000000 -0.279452 0.880083 -0.383875 13.663900 0.135665 0.431984 0.891619 -1.184000 0.000000 0.000000 0.000000 1.000000
0.947469 0.209498 -0.241687 0.000000 -0.289843 0.881904 -0.371802 13.663900 0.135253 0.422322 0.896298 -1.184000 0.000000 0.000000 0.000000 1.000000
0.946595 0.210832 -0.243941 -0.000000 -0.292958 0.878392 -0.377627 13.663900 0.134660 0.428925 0.893247 -1.184000 0.000000 0.000000 0.000000 1.000000
0.946805 0.206262 -0.247015 0.000000 -0.291836 0.873812 -0.388954 13.663900 0.135618 0.440351 0.887524 -1.184000 0.000000 0.000000 0.000000 1.000000
0.946793 0.203648 -0.249220 0.000000 -0.291343 0.871347 -0.394808 13.663900 0.136756 0.446410 0.884317 -1.184000 0.000000 0.000000 0.000000 1.000000
0.946552 0.203656 -0.250126 -0.000000 -0.291982 0.870518 -0.396163 13.663900 0.137058 0.448021 0.883455 -1.184000 0.000000 0.000000 0.000000 1.000000
0.946446 0.203952 -0.250285 0.000000 -0.292386 0.870215 -0.396530 13.663900 0.136929 0.448474 0.883245 -1.184000 0.000000 0.000000 0.000000 1.000000
0.946512 0.203851 -0.250121 0.000000 -0.292210 0.870293 -0.396488 13.663900 0.136854 0.448368 0.883310 -1.184000 0.000000 0.000000 0.000000 1.000000
0.946616 0.203820 -0.249753 0.000000 -0.291895 0.870736 -0.395748 13.663900 0.136808 0.447523 0.883746 -1.184000 0.000000 0.000000 0.000000 1.000000
0.946694 0.203934 -0.249364 0.000000 -0.291684 0.871203 -0.394875 13.663900 0.136718 0.446561 0.884246 -1.184000 0.000000 0.000000 0.000000 1.000000
0.946741 0.203994 -0.249134 0.000000 -0.291562 0.871449 -0.394421 13.663900 0.136648 0.446053 0.884514 -1.184000 0.000000 0.000000 0.000000 1.000000</float_array>
        <technique_common>
          <accessor source="#Spine-Matrix-animation-output-transform-array" count="55" stride="16">
            <param type="float4x4"/>
          </accessor>
        </technique_common>
      </source>
      <source id="Spine-Interpolations">
        <Name_array id="Spine-Interpolations-array" count="55">
 LINEAR LINEAR LINEAR LINEAR LINEAR LINEAR LINEAR LINEAR LINEAR LINEAR LINEAR
LINEAR LINEAR LINEAR LINEAR LINEAR LINEAR LINEAR LINEAR LINEAR LINEAR LINEAR LINEAR
LINEAR LINEAR LINEAR LINEAR LINEAR LINEAR LINEAR LINEAR LINEAR LINEAR LINEAR LINEAR
LINEAR LINEAR LINEAR LINEAR LINEAR LINEAR LINEAR LINEAR LINEAR LINEAR LINEAR LINEAR
LINEAR LINEAR LINEAR LINEAR LINEAR LINEAR LINEAR LINEAR</Name_array>
        <technique_common>
          <accessor source="#Spine-Interpolations-array" count="55">
            <param type="name"/>
          </accessor>
        </technique_common>
      </source>
      <sampler id="Spine-Matrix-animation-transform">
        <input semantic="INPUT" source="#Spine-Matrix-animation-input"/>
        <input semantic="OUTPUT" source="#Spine-Matrix-animation-output-transform"/>
        <input semantic="INTERPOLATION" source="#Spine-Interpolations"/>
      </sampler>
      <channel source="#Spine-Matrix-animation-transform" target="Spine/matrix"/>
      <source id="Spine1-Matrix-animation-input">
        <float_array id="Spine1-Matrix-animation-input-array" count="55">

0.000000 0.033333 0.066667 0.100000 0.133333 0.166667 0.200000 0.233333 0.266667 0.300000 0.333333 0.366667 0.400000 0.433333 0.466667 0.500000
0.533333 0.566667 0.600000 0.633333 0.666667 0.700000 0.733333 0.766667 0.800000 0.833333 0.866667 0.900000 0.933333 0.966667 1.000000 1.033333
1.066667 1.100000 1.133333 1.166667 1.200000 1.233333 1.266667 1.300000 1.333333 1.366667 1.400000 1.433333 1.466667 1.500000 1.533333 1.566667
1.600000 1.633333 1.666667 1.700000 1.733333 1.766667 1.800000</float_array>
        <technique_common>
          <accessor source="#Spine1-Matrix-animation-input-array" count="55">
            <param name="TIME" type="float"/>
          </accessor>
        </technique_common>
      </source>
      <source id="Spine1-Matrix-animation-output-transform">
        <float_array id="Spine1-Matrix-animation-output-transform-array" count="880">

0.995410 0.092028 0.026281 0.000000 -0.083456 0.969045 -0.232349 15.941200 -0.046850 0.229089 0.972277 -1.381300 0.000000 0.000000 0.000000 1.000000
0.995294 0.094591 0.021038 0.000000 -0.087102 0.968439 -0.233535 15.941200 -0.042465 0.230604 0.972121 -1.381300 0.000000 0.000000 0.000000 1.000000
0.994498 0.103034 0.018937 0.000000 -0.095494 0.965931 -0.240538 15.941200 -0.043076 0.237406 0.970455 -1.381300 0.000000 0.000000 0.000000 1.000000
0.993832 0.108371 0.023520 0.000000 -0.099074 0.962983 -0.250694 15.941200 -0.049817 0.246817 0.967781 -1.381300 0.000000 0.000000 0.000000 1.000000
0.994512 0.099745 0.031570 0.000000 -0.088659 0.963694 -0.251861 15.941200 -0.055546 0.247680 0.967248 -1.381300 0.000000 0.000000 0.000000 1.000000
0.995486 0.087894 0.035800 0.000000 -0.076635 0.966975 -0.243076 15.941200 -0.055983 0.239235 0.969346 -1.381300 0.000000 0.000000 0.000000 1.000000
0.996324 0.078414 0.034502 0.000000 -0.068141 0.969459 -0.235598 15.941200 -0.051922 0.232381 0.971238 -1.381300 0.000000 0.000000 0.000000 1.000000
0.997440 0.063455 0.032978 -0.000000 -0.054020 0.970737 -0.233990 15.941200 -0.046861 0.231609 0.971680 -1.381300 0.000000 0.000000 0.000000 1.000000
0.998683 0.041775 0.029792 0.000000 -0.033690 0.971808 -0.233352 15.941200 -0.038701 0.232041 0.971936 -1.381300 0.000000 0.000000 0.000000 1.000000
0.999625 0.018333 0.020332 -0.000000 -0.013165 0.973064 -0.230160 15.941200 -0.024004 0.229806 0.972940 -1.381300 0.000000 0.000000 0.000000 1.000000
0.999940 -0.005494 0.009438 0.000000 0.007490 0.973940 -0.226681 15.941200 -0.007947 0.226738 0.973923 -1.381300 0.000000 0.000000 0.000000 1.000000
0.999622 -0.027430 0.001746 -0.000000 0.027116 0.973828 -0.225662 15.941200 0.004489 0.225624 0.974204 -1.381300 0.000000 0.000000 0.000000 1.000000
0.999177 -0.040430 -0.003277 0.000000 0.038639 0.973256 -0.226451 15.941200 0.012345 0.226138 0.974017 -1.381300 0.000000 0.000000 0.000000 1.000000
0.999084 -0.042253 -0.006743 0.000000 0.039632 0.973229 -0.226394 15.941200 0.016128 0.225919 0.974013 -1.381300 0.000000 0.000000 0.000000 1.000000
0.999288 -0.036390 -0.009971 0.000000 0.033217 0.973801 -0.224964 15.941200 0.017896 0.224472 0.974316 -1.381300 0.000000 0.000000 0.000000 1.000000
0.999537 -0.027140 -0.013742 0.000000 0.023388 0.974457 -0.223353 15.941200 0.019453 0.222928 0.974641 -1.381300 0.000000 0.000000 0.000000 1.000000
0.999727 -0.017264 -0.015728 -0.000000 0.013346 0.974988 -0.221855 15.941200 0.019164 0.221585 0.974953 -1.381300 0.000000 0.000000 0.000000 1.000000
0.999848 -0.009686 -0.014476 -0.000000 0.006250 0.975289 -0.220843 15.941200 0.016257 0.220719 0.975202 -1.381300 0.000000 0.000000 0.000000 1.000000
0.999921 -0.005042 -0.011501 -0.000000 0.002374 0.975237 -0.221149 15.941200 0.012331 0.221104 0.975172 -1.381300 0.000000 0.000000 0.000000 1.000000
0.999980 -0.001320 -0.006144 0.000000 -0.000077 0.975050 -0.221985 15.941200 0.006284 0.221981 0.975031 -1.381300 0.000000 0.000000 0.000000 1.000000
0.999993 0.002120 0.003055 0.000000 -0.001398 0.975588 -0.219605 15.941200 -0.003446 0.219599 0.975584 -1.381300 0.000000 0.000000 0.000000 1.000000
0.999920 0.003195 0.012252 0.000000 -0.000526 0.977287 -0.211919 15.941200 -0.012651 0.211895 0.977210 -1.381300 0.000000 0.000000 0.000000 1.000000
0.999847 0.000986 0.017482 0.000000 0.002634 0.978576 -0.205870 15.941200 -0.017310 0.205884 0.978423 -1.381300 0.000000 0.000000 0.000000 1.000000
0.999726 -0.000739 0.023416 0.000000 0.005630 0.977782 -0.209549 15.941200 -0.022741 0.209624 0.977518 -1.381300 0.000000 0.000000 0.000000 1.000000
0.999465 0.001480 0.032681 -0.000000 0.006362 0.971105 -0.238567 15.941200 -0.032090 0.238648 0.970576 -1.381300 0.000000 0.000000 0.000000 1.000000
0.999254 0.003517 0.038449 -0.000000 0.007579 0.958598 -0.284662 15.941200 -0.037858 0.284741 0.957856 -1.381300 0.000000 0.000000 0.000000 1.000000
0.998993 0.001723 0.044823 -0.000000 0.012979 0.945415 -0.325611 15.941200 -0.042937 0.325865 0.944441 -1.381300 0.000000 0.000000 0.000000 1.000000
0.998425 -0.003245 0.056014 0.000000 0.022693 0.936385 -0.350241 15.941200 -0.051314 0.350960 0.934983 -1.381300 0.000000 0.000000 0.000000 1.000000
0.998075 -0.009458 0.061298 0.000000 0.031128 0.931210 -0.363152 15.941200 -0.053647 0.364361 0.929711 -1.381300 0.000000 0.000000 0.000000 1.000000
0.998494 -0.013422 0.053203 0.000000 0.031458 0.934477 -0.354632 15.941200 -0.044957 0.355771 0.933491 -1.381300 0.000000 0.000000 0.000000 1.000000
0.999407 -0.004938 0.034087 -0.000000 0.015513 0.948140 -0.317474 15.941200 -0.030752 0.317815 0.947654 -1.381300 0.000000 0.000000 0.000000 1.000000
0.999839 0.017347 0.004646 0.000000 -0.015554 0.965813 -0.258774 15.941200 -0.008976 0.258660 0.965927 -1.381300 0.000000 0.000000 0.000000 1.000000
0.998839 0.031853 -0.036127 0.000000 -0.038037 0.981818 -0.185973 15.941200 0.029547 0.187131 0.981890 -1.381300 0.000000 0.000000 0.000000 1.000000
0.996550 0.034826 -0.075333 -0.000000 -0.043980 0.991372 -0.123483 15.941200 0.070383 0.126370 0.989483 -1.381300 0.000000 0.000000 0.000000 1.000000
0.995012 0.037460 -0.092452 0.000000 -0.045881 0.994821 -0.090703 15.941200 0.088575 0.094492 0.991577 -1.381300 0.000000 0.000000 0.000000 1.000000
0.995160 0.042469 -0.088614 0.000000 -0.049834 0.995334 -0.082623 15.941200 0.084692 0.086639 0.992633 -1.381300 0.000000 0.000000 0.000000 1.000000
0.995612 0.043485 -0.082860 0.000000 -0.049824 0.995859 -0.076040 15.941200 0.079211 0.079835 0.993656 -1.381300 0.000000 0.000000 0.000000 1.000000
0.995533 0.041944 -0.084589 0.000000 -0.047531 0.996743 -0.065154 15.941200 0.081581 0.068883 0.994284 -1.381300 0.000000 0.000000 0.000000 1.000000
0.995185 0.042920 -0.088113 0.000000 -0.047687 0.997470 -0.052729 15.941200 0.085627 0.056677 0.994714 -1.381300 0.000000 0.000000 0.000000 1.000000
0.994929 0.048201 -0.088282 0.000000 -0.051943 0.997825 -0.040589 15.941200 0.086134 0.044969 0.995268 -1.381300 0.000000 0.000000 0.000000 1.000000
0.995076 0.051423 -0.084726 0.000000 -0.054205 0.998053 -0.030868 15.941200 0.082973 0.035308 0.995926 -1.381300 0.000000 0.000000 0.000000 1.000000
0.995486 0.048882 -0.081349 -0.000000 -0.051287 0.998299 -0.027742 15.941200 0.079855 0.031789 0.996299 -1.381300 0.000000 0.000000 0.000000 1.000000
0.995704 0.045311 -0.080754 0.000000 -0.047825 0.998421 -0.029480 15.941200 0.079291 0.033216 0.996298 -1.381300 0.000000 0.000000 0.000000 1.000000
0.995647 0.045243 -0.081487 0.000000 -0.047771 0.998427 -0.029336 15.941200 0.080031 0.033101 0.996243 -1.381300 0.000000 0.000000 0.000000 1.000000
0.995510 0.047974 -0.081599 0.000000 -0.050195 0.998417 -0.025387 15.941200 0.080252 0.029369 0.996342 -1.381300 0.000000 0.000000 0.000000 1.000000
0.995444 0.050276 -0.081011 -0.000000 -0.052169 0.998408 -0.021423 15.941200 0.079805 0.025551 0.996483 -1.381300 0.000000 0.000000 0.000000 1.000000
0.995414 0.051359 -0.080700 0.000000 -0.053112 0.998394 -0.019732 15.941200 0.079557 0.023927 0.996543 -1.381300 0.000000 0.000000 0.000000 1.000000
0.995390 0.051832 -0.080704 0.000000 -0.053555 0.998378 -0.019329 15.941200 0.079571 0.023562 0.996551 -1.381300 0.000000 0.000000 0.000000 1.000000
0.995374 0.052161 -0.080687 0.000000 -0.053839 0.998373 -0.018765 15.941200 0.079577 0.023022 0.996563 -1.381300 0.000000 0.000000 0.000000 1.000000
0.995363 0.052458 -0.080629 0.000000 -0.054086 0.998372 -0.018139 15.941200 0.079546 0.022416 0.996579 -1.381300 0.000000 0.000000 0.000000 1.000000
0.995357 0.052605 -0.080601 0.000000 -0.054219 0.998368 -0.017960 15.941200 0.079525 0.022247 0.996585 -1.381300 0.000000 0.000000 0.000000 1.000000
0.995359 0.052551 -0.080615 0.000000 -0.054177 0.998367 -0.018119 15.941200 0.079531 0.022402 0.996581 -1.381300 0.000000 0.000000 0.000000 1.000000
0.995365 0.052407 -0.080636 -0.000000 -0.054049 0.998370 -0.018314 15.941200 0.079545 0.022587 0.996575 -1.381300 0.000000 0.000000 0.000000 1.000000
0.995370 0.052293 -0.080648 0.000000 -0.053946 0.998373 -0.018453 15.941200 0.079552 0.022718 0.996572 -1.381300 0.000000 0.000000 0.000000 1.000000
0.995372 0.052237 -0.080663 0.000000 -0.053898 0.998374 -0.018557 15.941200 0.079563 0.022818 0.996569 -1.381300 0.000000 0.000000 0.000000 1.000000</float_array>
        <technique_common>
          <accessor source="#Spine1-Matrix-animation-output-transform-array" count="55" stride="16">
            <param type="float4x4"/>
          </accessor>
        </technique_common>
      </source>
      <source id="Spine1-Interpolations">
        <Name_array id="Spine1-Interpolations-array" count="55">
 LINEAR LINEAR LINEAR LINEAR LINEAR LINEAR LINEAR LINEAR LINEAR LINEAR LINEAR
LINEAR LINEAR LINEAR LINEAR LINEAR LINEAR LINEAR LINEAR LINEAR LINEAR LINEAR LINEAR
LINEAR LINEAR LINEAR LINEAR LINEAR LINEAR LINEAR LINEAR LINEAR LINEAR LINEAR LINEAR
LINEAR LINEAR LINEAR LINEAR LINEAR LINEAR LINEAR LINEAR LINEAR LINEAR LINEAR LINEAR
LINEAR LINEAR LINEAR LINEAR LINEAR LINEAR LINEAR LINEAR</Name_array>
        <technique_common>
          <accessor source="#Spine1-Interpolations-array" count="55">
            <param type="name"/>
          </accessor>
        </technique_common>
      </source>
      <sampler id="Spine1-Matrix-animation-transform">
        <input semantic="INPUT" source="#Spine1-Matrix-animation-input"/>
        <input semantic="OUTPUT" source="#Spine1-Matrix-animation-output-transform"/>
        <input semantic="INTERPOLATION" source="#Spine1-Interpolations"/>
      </sampler>
      <channel source="#Spine1-Matrix-animation-transform" target="Spine1/matrix"/>
      <source id="Spine2-Matrix-animation-input">
        <float_array id="Spine2-Matrix-animation-input-array" count="55">

0.000000 0.033333 0.066667 0.100000 0.133333 0.166667 0.200000 0.233333 0.266667 0.300000 0.333333 0.366667 0.400000 0.433333 0.466667 0.500000
0.533333 0.566667 0.600000 0.633333 0.666667 0.700000 0.733333 0.766667 0.800000 0.833333 0.866667 0.900000 0.933333 0.966667 1.000000 1.033333
1.066667 1.100000 1.133333 1.166667 1.200000 1.233333 1.266667 1.300000 1.333333 1.366667 1.400000 1.433333 1.466667 1.500000 1.533333 1.566667
1.600000 1.633333 1.666667 1.700000 1.733333 1.766667 1.800000</float_array>
        <technique_common>
          <accessor source="#Spine2-Matrix-animation-input-array" count="55">
            <param name="TIME" type="float"/>
          </accessor>
        </technique_common>
      </source>
      <source id="Spine2-Matrix-animation-output-transform">
        <float_array id="Spine2-Matrix-animation-output-transform-array" count="880">

0.995410 0.092028 0.026280 0.000000 -0.083456 0.969045 -0.232349 11.776900 -0.046849 0.229089 0.972277 -1.578600 0.000000 0.000000 0.000000 1.000000
0.995271 0.094653 0.021831 0.000000 -0.086984 0.968474 -0.233435 11.776900 -0.043238 0.230432 0.972127 -1.578600 0.000000 0.000000 0.000000 1.000000
0.994525 0.102739 0.019079 -0.000000 -0.095167 0.965928 -0.240680 11.776900 -0.043156 0.237546 0.970417 -1.578600 0.000000 0.000000 0.000000 1.000000
0.993833 0.108535 0.022733 0.000000 -0.099416 0.962891 -0.250914 11.776900 -0.049122 0.247107 0.967742 -1.578600 0.000000 0.000000 0.000000 1.000000
0.994314 0.101636 0.031792 0.000000 -0.090446 0.963572 -0.251690 11.776900 -0.056215 0.247383 0.967286 -1.578600 0.000000 0.000000 0.000000 1.000000
0.995159 0.091056 0.036990 0.000000 -0.079447 0.966856 -0.242645 11.776900 -0.057859 0.238532 0.969410 -1.578600 0.000000 0.000000 0.000000 1.000000
0.996057 0.081404 0.035267 -0.000000 -0.070881 0.969302 -0.235437 11.776900 -0.053350 0.232009 0.971250 -1.578600 0.000000 0.000000 0.000000 1.000000
0.997255 0.066232 0.033116 0.000000 -0.056690 0.970584 -0.233992 11.776900 -0.047639 0.231472 0.971674 -1.578600 0.000000 0.000000 0.000000 1.000000
0.998572 0.044362 0.029749 0.000000 -0.036218 0.971725 -0.233322 11.776900 -0.039259 0.231911 0.971944 -1.578600 0.000000 0.000000 0.000000 1.000000
0.999608 0.019526 0.020050 0.000000 -0.014392 0.973057 -0.230116 11.776900 -0.024003 0.229737 0.972957 -1.578600 0.000000 0.000000 0.000000 1.000000
0.999944 -0.006229 0.008612 0.000000 0.008018 0.973967 -0.226550 11.776900 -0.006976 0.226606 0.973962 -1.578600 0.000000 0.000000 0.000000 1.000000
0.999562 -0.029592 0.000497 -0.000000 0.028942 0.973828 -0.225438 11.776900 0.006188 0.225353 0.974257 -1.578600 0.000000 0.000000 0.000000 1.000000
0.999050 -0.043351 -0.004544 0.000000 0.041201 0.973216 -0.226171 11.776900 0.014227 0.225769 0.974077 -1.578600 0.000000 0.000000 0.000000 1.000000
0.998942 -0.045330 -0.007708 0.000000 0.042417 0.973184 -0.226084 11.776900 0.017750 0.225518 0.974077 -1.578600 0.000000 0.000000 0.000000 1.000000
0.999174 -0.039299 -0.010335 0.000000 0.035976 0.973771 -0.224668 11.776900 0.018893 0.224110 0.974381 -1.578600 0.000000 0.000000 0.000000 1.000000
0.999467 -0.029836 -0.013275 -0.000000 0.026126 0.974447 -0.223095 11.776900 0.019592 0.222629 0.974706 -1.578600 0.000000 0.000000 0.000000 1.000000
0.999707 -0.019426 -0.014468 0.000000 0.015738 0.974993 -0.221680 11.776900 0.018413 0.221387 0.975012 -1.578600 0.000000 0.000000 0.000000 1.000000
0.999860 -0.010953 -0.012671 0.000000 0.007887 0.975297 -0.220758 11.776900 0.014776 0.220627 0.975246 -1.578600 0.000000 0.000000 0.000000 1.000000
0.999942 -0.005411 -0.009278 0.000000 0.003226 0.975239 -0.221130 11.776900 0.010245 0.221087 0.975200 -1.578600 0.000000 0.000000 0.000000 1.000000
0.999994 -0.000477 -0.003411 0.000000 -0.000292 0.975034 -0.222056 11.776900 0.003432 0.222055 0.975028 -1.578600 0.000000 0.000000 0.000000 1.000000
0.999969 0.004855 0.006236 -0.000000 -0.003366 0.975536 -0.219816 11.776900 -0.007151 0.219788 0.975522 -1.578600 0.000000 0.000000 0.000000 1.000000
0.999855 0.007399 0.015329 0.000000 -0.003977 0.977204 -0.212267 11.776900 -0.016550 0.212175 0.977092 -1.578600 0.000000 0.000000 0.000000 1.000000
0.999793 0.005055 0.019694 0.000000 -0.000885 0.978501 -0.206240 11.776900 -0.020313 0.206180 0.978303 -1.578600 0.000000 0.000000 0.000000 1.000000
0.999706 0.002680 0.024084 0.000000 0.002433 0.977743 -0.209792 11.776900 -0.024110 0.209789 0.977449 -1.578600 0.000000 0.000000 0.000000 1.000000
0.999493 0.004103 0.031566 -0.000000 0.003553 0.971084 -0.238711 11.776900 -0.031633 0.238702 0.970577 -1.578600 0.000000 0.000000 0.000000 1.000000
0.999343 0.003916 0.036029 0.000000 0.006516 0.958535 -0.284901 11.776900 -0.035651 0.284949 0.957879 -1.578600 0.000000 0.000000 0.000000 1.000000
0.999155 -0.000286 0.041100 -0.000000 0.013691 0.945184 -0.326252 11.776900 -0.038754 0.326539 0.944389 -1.578600 0.000000 0.000000 0.000000 1.000000
0.998735 -0.005822 0.049936 -0.000000 0.023035 0.935866 -0.351602 11.776900 -0.044686 0.352308 0.934817 -1.578600 0.000000 0.000000 0.000000 1.000000
0.998547 -0.012213 0.052490 0.000000 0.030576 0.930431 -0.365189 11.776900 -0.044379 0.366263 0.929452 -1.578600 0.000000 0.000000 0.000000 1.000000
0.998931 -0.017086 0.042956 0.000000 0.031309 0.933700 -0.356685 11.776900 -0.034014 0.357649 0.933236 -1.578600 0.000000 0.000000 0.000000 1.000000
0.999673 -0.009867 0.023599 0.000000 0.016881 0.947649 -0.318867 11.776900 -0.019217 0.319161 0.947506 -1.578600 0.000000 0.000000 0.000000 1.000000
0.999936 0.010264 -0.004723 0.000000 -0.011137 0.965771 -0.259158 11.776900 0.001902 0.259194 0.965823 -1.578600 0.000000 0.000000 0.000000 1.000000
0.998937 0.021888 -0.040576 0.000000 -0.029075 0.982121 -0.185994 11.776900 0.035780 0.186976 0.981713 -1.578600 0.000000 0.000000 0.000000 1.000000
0.996874 0.024477 -0.075127 0.000000 -0.033769 0.991578 -0.125027 11.776900 0.071434 0.127173 0.989305 -1.578600 0.000000 0.000000 0.000000 1.000000
0.995457 0.028633 -0.090804 0.000000 -0.037150 0.994923 -0.093529 11.776900 0.087665 0.096478 0.991467 -1.578600 0.000000 0.000000 0.000000 1.000000
0.995605 0.033895 -0.087303 0.000000 -0.041381 0.995486 -0.085416 11.776900 0.084013 0.088653 0.992513 -1.578600 0.000000 0.000000 0.000000 1.000000
0.996007 0.035363 -0.081972 0.000000 -0.041842 0.996018 -0.078717 11.776900 0.078862 0.081833 0.993521 -1.578600 0.000000 0.000000 0.000000 1.000000
0.995887 0.033692 -0.084112 0.000000 -0.039472 0.996902 -0.068031 11.776900 0.081559 0.071071 0.994131 -1.578600 0.000000 0.000000 0.000000 1.000000
0.995525 0.034519 -0.087973 0.000000 -0.039528 0.997657 -0.055847 11.776900 0.085839 0.059075 0.994556 -1.578600 0.000000 0.000000 0.000000 1.000000
0.995280 0.040075 -0.088379 0.000000 -0.044073 0.998070 -0.043759 11.776900 0.086455 0.047447 0.995125 -1.578600 0.000000 0.000000 0.000000 1.000000
0.995423 0.043720 -0.084977 -0.000000 -0.046747 0.998329 -0.033963 11.776900 0.083350 0.037780 0.995804 -1.578600 0.000000 0.000000 0.000000 1.000000
0.995802 0.041382 -0.081647 -0.000000 -0.044018 0.998558 -0.030745 11.776900 0.080257 0.034210 0.996187 -1.578600 0.000000 0.000000 0.000000 1.000000
0.995997 0.037782 -0.081012 0.000000 -0.040518 0.998653 -0.032402 11.776900 0.079679 0.035555 0.996186 -1.578600 0.000000 0.000000 0.000000 1.000000
0.995943 0.037668 -0.081719 0.000000 -0.040416 0.998663 -0.032232 11.776900 0.080395 0.035404 0.996134 -1.578600 0.000000 0.000000 0.000000 1.000000
0.995824 0.040473 -0.081828 0.000000 -0.042916 0.998677 -0.028320 11.776900 0.080573 0.031713 0.996244 -1.578600 0.000000 0.000000 0.000000 1.000000
