<?xml version="1.0" encoding="utf-8"?>
<COLLADA xmlns="http://www.collada.org/2005/11/COLLADASchema" version="1.4.1">
  <asset>
    <contributor>
      <author>Mixamo</author>
      <authoring_tool>COLLADA Mixamo exporter</authoring_tool>
      <comments/>
    </contributor>
    <created>2021-07-12T12:04:39Z</created>
    <modified>2021-07-12T12:04:39Z</modified>
    <revision/>
    <title/>
    <unit meter="0.010000"/>
    <up_axis>Y_UP</up_axis>
  </asset>
  <library_animations>
    <animation>
      <source id="Hips-Matrix-animation-input">
        <float_array id="Hips-Matrix-animation-input-array" count="92">

0.000000 0.033333 0.066667 0.100000 0.133333 0.166667 0.200000 0.233333 0.266667 0.300000 0.333333 0.366667 0.400000 0.433333 0.466667 0.500000
0.533333 0.566667 0.600000 0.633333 0.666667 0.700000 0.733333 0.766667 0.800000 0.833333 0.866667 0.900000 0.933333 0.966667 1.000000 1.033333
1.066667 1.100000 1.133333 1.166667 1.200000 1.233333 1.266667 1.300000 1.333333 1.366667 1.400000 1.433333 1.466667 1.500000 1.533333 1.566667
1.600000 1.633333 1.666667 1.700000 1.733333 1.766667 1.800000 1.833333 1.866667 1.900000 1.933333 1.966667 2.000000 2.033333 2.066667 2.100000
2.133333 2.166667 2.200000 2.233333 2.266667 2.300000 2.333333 2.366667 2.400000 2.433333 2.466667 2.500000 2.533333 2.566667 2.600000 2.633333
2.666667 2.700000 2.733333 2.766667 2.800000 2.833333 2.866667 2.900000 2.933333 2.966667 3.000000 3.033333</float_array>
        <technique_common>
          <accessor source="#Hips-Matrix-animation-input-array" count="92">
            <param name="TIME" type="float"/>
          </accessor>
        </technique_common>
      </source>
      <source id="Hips-Matrix-animation-output-transform">
        <float_array id="Hips-Matrix-animation-output-transform-array" count="1472">

0.640859 -0.114167 -0.759122 -0.351909 -0.012773 0.987156 -0.159245 79.817894 0.767552 0.111750 0.631170 0.118029 0.000000 0.000000 0.000000 1.000000
0.701159 -0.096072 -0.706502 -0.940374 0.097051 0.994518 -0.038920 80.482422 0.706369 -0.041278 0.706640 -5.275069 0.000000 0.000000 0.000000 1.000000
0.761100 -0.083761 -0.643204 -2.503484 0.193435 0.975816 0.101816 81.645882 0.619120 -0.201911 0.758896 -14.480222 0.000000 0.000000 0.000000 1.000000
0.816502 -0.084112 -0.571182 -4.858213 0.271054 0.929367 0.250613 86.001678 0.509758 -0.359447 0.781629 -25.832197 0.000000 0.000000 0.000000 1.000000
0.859154 -0.095177 -0.502788 -7.486779 0.319203 0.867637 0.381204 92.123123 0.399955 -0.488004 0.775814 -38.670345 0.000000 0.000000 0.000000 1.000000
0.911149 -0.126017 -0.392336 -9.792471 0.343634 0.757825 0.554633 98.530128 0.227429 -0.640173 0.733795 -49.782394 0.000000 0.000000 0.000000 1.000000
0.942846 -0.149755 -0.297683 -11.775602 0.309960 0.722095 0.618469 104.462364 0.122336 -0.675391 0.727242 -59.847977 0.000000 0.000000 0.000000 1.000000
0.957871 -0.149585 -0.245169 -13.615567 0.278725 0.690013 0.667978 109.321358 0.069250 -0.708171 0.702637 -68.357964 0.000000 0.000000 0.000000 1.000000
0.975327 -0.142222 -0.168848 -15.285163 0.220660 0.604593 0.765360 113.586235 -0.006767 -0.783735 0.621059 -75.760353 0.000000 0.000000 0.000000 1.000000
0.992173 -0.116852 -0.044032 -16.511772 0.098879 0.519824 0.848532 117.047272 -0.076264 -0.846244 0.527309 -82.413239 0.000000 0.000000 0.000000 1.000000
0.993779 -0.097021 0.054690 -17.049194 -0.004086 0.458959 0.888448 118.983109 -0.111298 -0.883144 0.455707 -88.421448 0.000000 0.000000 0.000000 1.000000
0.989945 -0.085547 0.112649 -17.481342 -0.065901 0.425738 0.902443 119.389076 -0.125160 -0.900793 0.415820 -93.939575 0.000000 0.000000 0.000000 1.000000
0.989434 -0.071139 0.126333 -17.136091 -0.086117 0.412638 0.906815 118.286438 -0.116640 -0.908113 0.402152 -98.444817 0.000000 0.000000 0.000000 1.000000
0.988190 -0.060413 0.140825 -16.525135 -0.104770 0.404270 0.908619 115.469986 -0.111824 -0.912643 0.393165 -102.468124 0.000000 0.000000 0.000000 1.000000
0.984220 -0.053062 0.168807 -15.898196 -0.135211 0.389870 0.910889 111.605896 -0.114146 -0.919340 0.376544 -106.355743 0.000000 0.000000 0.000000 1.000000
0.981677 -0.047657 0.184498 -15.300546 -0.154006 0.371766 0.915463 107.109512 -0.112218 -0.927103 0.357614 -110.088638 0.000000 0.000000 0.000000 1.000000
0.982503 -0.039339 0.182043 -14.903864 -0.155580 0.363961 0.918329 102.376541 -0.102383 -0.930583 0.351472 -113.650024 0.000000 0.000000 0.000000 1.000000
0.984135 -0.029185 0.175007 -14.661183 -0.154247 0.346693 0.925209 97.223816 -0.087676 -0.937525 0.336691 -117.039452 0.000000 0.000000 0.000000 1.000000
0.987105 -0.019889 0.158834 -14.392971 -0.143777 0.326034 0.934361 90.689827 -0.070369 -0.945149 0.318970 -120.270416 0.000000 0.000000 0.000000 1.000000
0.990435 -0.012498 0.137415 -14.296448 -0.127002 0.306746 0.943280 83.432205 -0.053941 -0.951709 0.302224 -123.352509 0.000000 0.000000 0.000000 1.000000
0.993313 -0.006412 0.115274 -14.446275 -0.109141 0.273442 0.955677 74.967079 -0.037648 -0.961867 0.270914 -126.317596 0.000000 0.000000 0.000000 1.000000
0.995783 0.000442 0.091743 -14.673942 -0.089170 0.239897 0.966694 65.843109 -0.021582 -0.970798 0.238925 -129.060928 0.000000 0.000000 0.000000 1.000000
0.997764 0.007715 0.066394 -14.924351 -0.066543 0.208330 0.975792 55.905323 -0.006303 -0.978028 0.208377 -131.575882 0.000000 0.000000 0.000000 1.000000
0.999079 0.010444 0.041612 -15.375258 -0.042793 0.173510 0.983902 44.462234 0.003056 -0.984777 0.173798 -133.917725 0.000000 0.000000 0.000000 1.000000
0.999980 0.005348 -0.003270 -15.977839 0.002698 0.103621 0.994613 31.603582 0.005658 -0.994602 0.103605 -136.247971 0.000000 0.000000 0.000000 1.000000
0.998913 -0.002924 -0.046525 -16.539680 0.046616 0.057811 0.997239 19.949306 -0.000226 -0.998323 0.057884 -138.396622 0.000000 0.000000 0.000000 1.000000
0.998311 -0.024475 -0.052690 -16.956913 0.055616 0.140431 0.988527 17.857864 -0.016795 -0.989788 0.141555 -138.954834 0.000000 0.000000 0.000000 1.000000
0.998523 -0.053872 -0.007052 -17.307446 0.015068 0.149880 0.988589 20.360283 -0.052201 -0.987235 0.150470 -139.346817 0.000000 0.000000 0.000000 1.000000
0.996596 -0.078563 0.024996 -17.357578 -0.025240 -0.002103 0.999679 21.961897 -0.078485 -0.996907 -0.004078 -140.463531 0.000000 0.000000 0.000000 1.000000
0.994562 -0.096186 0.039941 -17.203001 -0.061330 -0.230929 0.971036 23.427299 -0.084177 -0.968205 -0.235572 -140.997665 0.000000 0.000000 0.000000 1.000000
0.989132 -0.114847 0.091806 -16.970798 -0.127485 -0.358834 0.924655 26.046410 -0.073251 -0.926309 -0.369575 -142.167679 0.000000 0.000000 0.000000 1.000000
0.966891 -0.136025 0.215915 -16.233660 -0.253801 -0.424395 0.869180 29.419930 -0.026597 -0.895202 -0.444867 -142.908356 0.000000 0.000000 0.000000 1.000000
0.914616 -0.159613 0.371484 -14.748526 -0.401377 -0.469136 0.786643 32.401394 0.048718 -0.868582 -0.493145 -143.002411 0.000000 0.000000 0.000000 1.000000
0.850007 -0.188115 0.492038 -13.117802 -0.514517 -0.496787 0.698910 35.076103 0.112962 -0.847240 -0.519061 -142.818710 0.000000 0.000000 0.000000 1.000000
0.788947 -0.206086 0.578871 -11.259307 -0.592788 -0.503275 0.628742 36.054367 0.161757 -0.839192 -0.519222 -142.598251 0.000000 0.000000 0.000000 1.000000
0.721148 -0.220319 0.656814 -9.358805 -0.663464 -0.492521 0.563240 35.453442 0.199402 -0.841952 -0.501355 -142.976700 0.000000 0.000000 0.000000 1.000000
0.650305 -0.236411 0.721951 -7.432124 -0.726961 -0.469536 0.501063 33.997353 0.220526 -0.850674 -0.477203 -143.065430 0.000000 0.000000 0.000000 1.000000
0.581669 -0.262707 0.769836 -5.481887 -0.785183 -0.428558 0.447019 32.009510 0.212485 -0.864478 -0.455552 -142.935165 0.000000 0.000000 0.000000 1.000000
0.522973 -0.298480 0.798379 -3.842718 -0.835590 -0.364373 0.411123 29.621574 0.168196 -0.882124 -0.439964 -142.085388 0.000000 0.000000 0.000000 1.000000
0.466906 -0.339924 0.816364 -2.691349 -0.879119 -0.278276 0.386927 27.113880 0.095648 -0.898340 -0.428763 -140.230988 0.000000 0.000000 0.000000 1.000000
0.425724 -0.366699 0.827219 -2.026080 -0.904234 -0.206229 0.373940 24.125792 0.033473 -0.907194 -0.419378 -137.310684 0.000000 0.000000 0.000000 1.000000
0.387526 -0.373995 0.842586 -2.179488 -0.921839 -0.163238 0.351521 22.545599 0.006075 -0.912952 -0.408021 -134.271240 0.000000 0.000000 0.000000 1.000000
0.345199 -0.376711 0.859609 -2.559623 -0.938529 -0.138041 0.316397 22.217371 -0.000529 -0.915988 -0.401206 -132.909363 0.000000 0.000000 0.000000 1.000000
0.300759 -0.375615 0.876617 -2.548913 -0.953674 -0.125258 0.273525 22.560627 0.007063 -0.918272 -0.395887 -132.601013 0.000000 0.000000 0.000000 1.000000
0.252387 -0.372238 0.893163 -1.914168 -0.967285 -0.121562 0.222670 22.939867 0.025688 -0.920142 -0.390741 -132.441711 0.000000 0.000000 0.000000 1.000000
0.202263 -0.368647 0.907298 -0.770033 -0.978137 -0.121793 0.168569 23.185135 0.048360 -0.921556 -0.385221 -132.101227 0.000000 0.000000 0.000000 1.000000
0.152616 -0.365741 0.918119 0.749825 -0.985823 -0.121884 0.115317 23.165789 0.069728 -0.922701 -0.379157 -131.787567 0.000000 0.000000 0.000000 1.000000
0.103834 -0.363430 0.925817 2.217740 -0.990868 -0.118306 0.064689 22.954220 0.086019 -0.924079 -0.372395 -131.651566 0.000000 0.000000 0.000000 1.000000
0.051335 -0.360030 0.931527 3.660790 -0.993968 -0.108939 0.012671 22.611380 0.096917 -0.926559 -0.363450 -131.618134 0.000000 0.000000 0.000000 1.000000
-0.005456 -0.355508 0.934657 4.996653 -0.994442 -0.096348 -0.042453 22.137774 0.105145 -0.929694 -0.353007 -131.672791 0.000000 0.000000 0.000000 1.000000
-0.070510 -0.349421 0.934309 6.394996 -0.991120 -0.081313 -0.105207 21.593328 0.112734 -0.933431 -0.340585 -131.752853 0.000000 0.000000 0.000000 1.000000
-0.145206 -0.344220 0.927593 7.868862 -0.981900 -0.065095 -0.177863 21.024761 0.121606 -0.936630 -0.328537 -131.920761 0.000000 0.000000 0.000000 1.000000
-0.232662 -0.338527 0.911739 9.378813 -0.963640 -0.046420 -0.263141 20.387087 0.131403 -0.939811 -0.315419 -132.208588 0.000000 0.000000 0.000000 1.000000
-0.333138 -0.332609 0.882264 10.727092 -0.932060 -0.025166 -0.361428 19.810326 0.142417 -0.942729 -0.301628 -132.519638 0.000000 0.000000 0.000000 1.000000
-0.433326 -0.326561 0.839992 11.319362 -0.889266 0.003517 -0.457378 19.668818 0.146408 -0.945170 -0.291923 -132.762177 0.000000 0.000000 0.000000 1.000000
-0.512907 -0.320365 0.796425 12.250002 -0.847156 0.038937 -0.529915 19.768681 0.138756 -0.946494 -0.291370 -133.044861 0.000000 0.000000 0.000000 1.000000
-0.555860 -0.314337 0.769553 13.385570 -0.821009 0.062544 -0.567479 19.868744 0.130249 -0.947249 -0.292839 -133.471146 0.000000 0.000000 0.000000 1.000000
-0.569149 -0.309844 0.761621 14.323286 -0.812266 0.068077 -0.579300 19.885700 0.127644 -0.948347 -0.290422 -133.881790 0.000000 0.000000 0.000000 1.000000
-0.569582 -0.307737 0.762151 14.981723 -0.810720 0.057691 -0.582585 19.780998 0.135313 -0.949721 -0.282348 -134.151474 0.000000 0.000000 0.000000 1.000000
-0.570543 -0.308737 0.761027 15.450828 -0.808803 0.050393 -0.585917 19.730429 0.142544 -0.949812 -0.278458 -134.253464 0.000000 0.000000 0.000000 1.000000
-0.571290 -0.312747 0.758826 15.744679 -0.807103 0.046187 -0.588601 19.715736 0.149035 -0.948713 -0.278806 -134.295868 0.000000 0.000000 0.000000 1.000000
-0.571003 -0.319440 0.756249 15.786991 -0.806129 0.043934 -0.590107 19.682785 0.155279 -0.946587 -0.282597 -134.295013 0.000000 0.000000 0.000000 1.000000
-0.566828 -0.329849 0.754921 15.526613 -0.808038 0.044001 -0.587485 19.679924 0.160564 -0.943008 -0.291471 -134.272018 0.000000 0.000000 0.000000 1.000000
-0.552839 -0.341904 0.759915 15.080939 -0.817002 0.042988 -0.575030 19.711908 0.163938 -0.938751 -0.303101 -134.260483 0.000000 0.000000 0.000000 1.000000
-0.527156 -0.354146 0.772455 14.487181 -0.833468 0.038292 -0.551239 19.743240 0.165640 -0.934406 -0.315356 -134.271454 0.000000 0.000000 0.000000 1.000000
-0.491923 -0.364851 0.790503 13.727924 -0.854812 0.030062 -0.518067 19.790565 0.165253 -0.930580 -0.326668 -134.283646 0.000000 0.000000 0.000000 1.000000
-0.453262 -0.374010 0.809117 12.833988 -0.876154 0.019893 -0.481620 19.996784 0.164035 -0.927211 -0.336707 -134.286591 0.000000 0.000000 0.000000 1.000000
-0.415788 -0.381083 0.825770 11.895124 -0.894905 0.009635 -0.446152 20.257421 0.162065 -0.924491 -0.345039 -134.264999 0.000000 0.000000 0.000000 1.000000
-0.377217 -0.385082 0.842270 10.933637 -0.912133 -0.003011 -0.409883 20.442745 0.160375 -0.922877 -0.350110 -134.228638 0.000000 0.000000 0.000000 1.000000
-0.331658 -0.388703 0.859601 9.922525 -0.930058 -0.017977 -0.366972 20.537348 0.158096 -0.921188 -0.355554 -134.171829 0.000000 0.000000 0.000000 1.000000
-0.277822 -0.391273 0.877337 8.907816 -0.948087 -0.035437 -0.316030 20.467590 0.154744 -0.919592 -0.361116 -134.090073 0.000000 0.000000 0.000000 1.000000
-0.220861 -0.392374 0.892896 7.906500 -0.963641 -0.053375 -0.261815 20.281231 0.150387 -0.918256 -0.366320 -134.001999 0.000000 0.000000 0.000000 1.000000
-0.167275 -0.391735 0.904744 6.941743 -0.975310 -0.068455 -0.209962 20.096956 0.144184 -0.917528 -0.370613 -133.905106 0.000000 0.000000 0.000000 1.000000
-0.119698 -0.390065 0.912974 6.072676 -0.983445 -0.079425 -0.162872 19.926811 0.136044 -0.917356 -0.374100 -133.795105 0.000000 0.000000 0.000000 1.000000
-0.075718 -0.388561 0.918307 5.256291 -0.989179 -0.086794 -0.118287 19.799688 0.125665 -0.917326 -0.377784 -133.653244 0.000000 0.000000 0.000000 1.000000
-0.035653 -0.386501 0.921599 4.483540 -0.992960 -0.090533 -0.076381 19.719372 0.112957 -0.917835 -0.380553 -133.489716 0.000000 0.000000 0.000000 1.000000
-0.000196 -0.386604 0.922246 3.715227 -0.995083 -0.091265 -0.038470 19.691092 0.099041 -0.917719 -0.384685 -133.296661 0.000000 0.000000 0.000000 1.000000
0.029895 -0.389920 0.920363 3.121463 -0.995951 -0.089715 -0.005659 19.637426 0.084777 -0.916468 -0.391023 -133.106461 0.000000 0.000000 0.000000 1.000000
0.055986 -0.393122 0.917780 2.675250 -0.995819 -0.088440 0.022864 19.611046 0.072180 -0.915223 -0.396430 -132.931625 0.000000 0.000000 0.000000 1.000000
0.077698 -0.394574 0.915573 2.307209 -0.994921 -0.089633 0.045803 19.570889 0.063993 -0.914482 -0.399534 -132.796539 0.000000 0.000000 0.000000 1.000000
0.094976 -0.394092 0.914151 1.961923 -0.993685 -0.092639 0.063302 19.521915 0.059740 -0.914390 -0.400402 -132.713608 0.000000 0.000000 0.000000 1.000000
0.107482 -0.392844 0.913302 1.783420 -0.992503 -0.096165 0.075438 19.472521 0.058192 -0.914563 -0.400235 -132.623917 0.000000 0.000000 0.000000 1.000000
0.114271 -0.393671 0.912121 1.765608 -0.991780 -0.098415 0.081775 19.418718 0.057574 -0.913968 -0.401681 -132.519623 0.000000 0.000000 0.000000 1.000000
0.117136 -0.395832 0.910821 1.699781 -0.991460 -0.099555 0.084241 19.361004 0.057332 -0.912910 -0.404113 -132.468948 0.000000 0.000000 0.000000 1.000000
0.116268 -0.399383 0.909381 1.609364 -0.991515 -0.100263 0.082735 19.295938 0.058134 -0.911285 -0.407652 -132.475662 0.000000 0.000000 0.000000 1.000000
0.111581 -0.403760 0.908035 1.557793 -0.991996 -0.099598 0.077612 19.249800 0.059101 -0.909427 -0.411642 -132.535324 0.000000 0.000000 0.000000 1.000000
0.103630 -0.407471 0.907319 1.624092 -0.992668 -0.099443 0.068719 19.223034 0.062226 -0.907788 -0.414788 -132.622894 0.000000 0.000000 0.000000 1.000000
0.096129 -0.407933 0.907937 1.703460 -0.992997 -0.102230 0.059204 19.181969 0.068667 -0.907271 -0.414904 -132.764771 0.000000 0.000000 0.000000 1.000000
0.086674 -0.408536 0.908618 1.812314 -0.993352 -0.104803 0.047635 19.153673 0.075765 -0.906705 -0.414904 -132.932404 0.000000 0.000000 0.000000 1.000000
0.075650 -0.408613 0.909567 1.933583 -0.993659 -0.106988 0.034581 19.134113 0.083183 -0.906415 -0.414115 -133.107910 0.000000 0.000000 0.000000 1.000000
0.064844 -0.408858 0.910291 2.011992 -0.993999 -0.106995 0.022750 19.130424 0.088096 -0.906304 -0.413342 -133.259827 0.000000 0.000000 0.000000 1.000000
0.055304 -0.407485 0.911536 2.078677 -0.994224 -0.106572 0.012679 19.128849 0.091978 -0.906972 -0.411025 -133.380325 0.000000 0.000000 0.000000 1.000000</float_array>
        <technique_common>
          <accessor source="#Hips-Matrix-animation-output-transform-array" count="92" stride="16">
            <param type="float4x4"/>
          </accessor>
        </technique_common>
      </source>
      <source id="Hips-Interpolations">
        <Name_array id="Hips-Interpolations-array" count="92">
 LINEAR LINEAR LINEAR LINEAR LINEAR LINEAR LINEAR LINEAR LINEAR LINEAR LINEAR
LINEAR LINEAR LINEAR LINEAR LINEAR LINEAR LINEAR LINEAR LINEAR LINEAR LINEAR LINEAR
LINEAR LINEAR LINEAR LINEAR LINEAR LINEAR LINEAR LINEAR LINEAR LINEAR LINEAR LINEAR
LINEAR LINEAR LINEAR LINEAR LINEAR LINEAR LINEAR LINEAR LINEAR LINEAR LINEAR LINEAR
LINEAR LINEAR LINEAR LINEAR LINEAR LINEAR LINEAR LINEAR LINEAR LINEAR LINEAR LINEAR
LINEAR LINEAR LINEAR LINEAR LINEAR LINEAR LINEAR LINEAR LINEAR LINEAR LINEAR LINEAR
LINEAR LINEAR LINEAR LINEAR LINEAR LINEAR LINEAR LINEAR LINEAR LINEAR LINEAR LINEAR
LINEAR LINEAR LINEAR LINEAR LINEAR LINEAR LINEAR LINEAR LINEAR</Name_array>
        <technique_common>
          <accessor source="#Hips-Interpolations-array" count="92">
            <param type="name"/>
          </accessor>
        </technique_common>
      </source>
      <sampler id="Hips-Matrix-animation-transform">
        <input semantic="INPUT" source="#Hips-Matrix-animation-input"/>
        <input semantic="OUTPUT" source="#Hips-Matrix-animation-output-transform"/>
        <input semantic="INTERPOLATION" source="#Hips-Interpolations"/>
      </sampler>
      <channel source="#Hips-Matrix-animation-transform" target="Hips/matrix"/>
      <source id="Spine-Matrix-animation-input">
        <float_array id="Spine-Matrix-animation-input-array" count="92">

0.000000 0.033333 0.066667 0.100000 0.133333 0.166667 0.200000 0.233333 0.266667 0.300000 0.333333 0.366667 0.400000 0.433333 0.466667 0.500000
0.533333 0.566667 0.600000 0.633333 0.666667 0.700000 0.733333 0.766667 0.800000 0.833333 0.866667 0.900000 0.933333 0.966667 1.000000 1.033333
1.066667 1.100000 1.133333 1.166667 1.200000 1.233333 1.266667 1.300000 1.333333 1.366667 1.400000 1.433333 1.466667 1.500000 1.533333 1.566667
1.600000 1.633333 1.666667 1.700000 1.733333 1.766667 1.800000 1.833333 1.866667 1.900000 1.933333 1.966667 2.000000 2.033333 2.066667 2.100000
2.133333 2.166667 2.200000 2.233333 2.266667 2.300000 2.333333 2.366667 2.400000 2.433333 2.466667 2.500000 2.533333 2.566667 2.600000 2.633333
2.666667 2.700000 2.733333 2.766667 2.800000 2.833333 2.866667 2.900000 2.933333 2.966667 3.000000 3.033333</float_array>
        <technique_common>
          <accessor source="#Spine-Matrix-animation-input-array" count="92">
            <param name="TIME" type="float"/>
          </accessor>
        </technique_common>
      </source>
      <source id="Spine-Matrix-animation-output-transform">
        <float_array id="Spine-Matrix-animation-output-transform-array" count="1472">

0.996433 0.056438 0.062743 0.000000 -0.047990 0.990504 -0.128840 13.663900 -0.069419 0.125369 0.989679 -1.184000 0.000000 0.000000 0.000000 1.000000
0.996733 0.052392 0.061466 0.000000 -0.044727 0.991759 -0.120053 13.663900 -0.067250 0.116911 0.990863 -1.184000 0.000000 0.000000 0.000000 1.000000
0.997735 0.028894 0.060751 0.000000 -0.022946 0.995075 -0.096428 13.663900 -0.063238 0.094815 0.993484 -1.184000 0.000000 0.000000 0.000000 1.000000
0.998338 0.000055 0.057624 -0.000000 0.003634 0.997949 -0.063915 13.663900 -0.057510 0.064018 0.996290 -1.184000 0.000000 0.000000 0.000000 1.000000
0.998250 -0.025237 0.053486 0.000000 0.026761 0.999250 -0.027978 13.663900 -0.052740 0.029361 0.998177 -1.184000 0.000000 0.000000 0.000000 1.000000
0.997908 -0.043768 0.047582 0.000000 0.043515 0.999033 0.006351 13.663900 -0.047814 -0.004267 0.998847 -1.184000 0.000000 0.000000 0.000000 1.000000
0.997598 -0.020693 0.066102 0.000000 0.018625 0.999322 0.031754 13.663900 -0.066714 -0.030447 0.997307 -1.184000 0.000000 0.000000 0.000000 1.000000
0.996461 0.005513 0.083875 -0.000000 -0.008660 0.999271 0.037194 13.663900 -0.083609 -0.037789 0.995782 -1.184000 0.000000 0.000000 0.000000 1.000000
0.996352 0.020542 0.082828 0.000000 -0.022587 0.999461 0.023824 13.663900 -0.082294 -0.025608 0.996279 -1.184000 0.000000 0.000000 0.000000 1.000000
0.997314 0.026845 0.068151 -0.000000 -0.027422 0.999595 0.007546 13.663900 -0.067921 -0.009395 0.997646 -1.184000 0.000000 0.000000 0.000000 1.000000
0.997937 0.033462 0.054791 0.000000 -0.033479 0.999439 -0.000614 13.663900 -0.054780 -0.001221 0.998498 -1.184000 0.000000 0.000000 0.000000 1.000000
0.998370 0.037772 0.042776 0.000000 -0.037564 0.999278 -0.005672 13.663900 -0.042959 0.004055 0.999069 -1.184000 0.000000 0.000000 0.000000 1.000000
0.998925 0.026342 0.038132 0.000000 -0.025843 0.999574 -0.013536 13.663900 -0.038472 0.012536 0.999181 -1.184000 0.000000 0.000000 0.000000 1.000000
0.999407 0.016195 0.030385 0.000000 -0.015538 0.999642 -0.021762 13.663900 -0.030726 0.021277 0.999301 -1.184000 0.000000 0.000000 0.000000 1.000000
0.999762 0.005174 0.021192 0.000000 -0.004517 0.999511 -0.030929 13.663900 -0.021342 0.030826 0.999297 -1.184000 0.000000 0.000000 0.000000 1.000000
0.999856 -0.003103 0.016679 0.000000 0.003797 0.999119 -0.041784 13.663900 -0.016534 0.041842 0.998987 -1.184000 0.000000 0.000000 0.000000 1.000000
0.999822 -0.010128 0.015927 0.000000 0.010882 0.998788 -0.047998 13.663900 -0.015421 0.048162 0.998720 -1.184000 0.000000 0.000000 0.000000 1.000000
0.999735 -0.015102 0.017361 0.000000 0.016011 0.998441 -0.053463 13.663900 -0.016527 0.053727 0.998419 -1.184000 0.000000 0.000000 0.000000 1.000000
0.999723 -0.014976 0.018152 0.000000 0.015991 0.998238 -0.057135 13.663900 -0.017264 0.057410 0.998201 -1.184000 0.000000 0.000000 0.000000 1.000000
0.999816 -0.009416 0.016691 0.000000 0.010372 0.998253 -0.058167 13.663900 -0.016114 0.058330 0.998167 -1.184000 0.000000 0.000000 0.000000 1.000000
0.999929 0.002196 0.011680 0.000000 -0.001502 0.998250 -0.059114 13.663900 -0.011789 0.059092 0.998183 -1.184000 0.000000 0.000000 0.000000 1.000000
0.999934 0.007391 0.008766 0.000000 -0.006807 0.997864 -0.064977 13.663900 -0.009227 0.064913 0.997848 -1.184000 0.000000 0.000000 0.000000 1.000000
0.999929 0.008808 0.008083 0.000000 -0.008178 0.997158 -0.074900 13.663900 -0.008720 0.074828 0.997158 -1.184000 0.000000 0.000000 0.000000 1.000000
0.999931 0.008543 0.008025 0.000000 -0.007814 0.996192 -0.086834 13.663900 -0.008736 0.086765 0.996190 -1.184000 0.000000 0.000000 0.000000 1.000000
0.999942 0.007733 0.007549 0.000000 -0.006938 0.994945 -0.100183 13.663900 -0.008285 0.100125 0.994940 -1.184000 0.000000 0.000000 0.000000 1.000000
0.999920 0.011006 0.006240 0.000000 -0.010198 0.993049 -0.117261 13.663900 -0.007488 0.117188 0.993081 -1.184000 0.000000 0.000000 0.000000 1.000000
0.999810 0.019346 0.002406 0.000000 -0.018981 0.994152 -0.106312 13.663900 -0.004449 0.106246 0.994330 -1.184000 0.000000 0.000000 0.000000 1.000000
0.999645 0.025623 -0.007345 -0.000000 -0.026216 0.994914 -0.097256 13.663900 0.004816 0.097414 0.995232 -1.184000 0.000000 0.000000 0.000000 1.000000
0.999416 0.027222 -0.020642 0.000000 -0.029363 0.993308 -0.111697 13.663900 0.017463 0.112238 0.993528 -1.184000 0.000000 0.000000 0.000000 1.000000
0.999073 0.024769 -0.035216 -0.000000 -0.029052 0.991501 -0.126814 13.663900 0.031776 0.127719 0.991301 -1.184000 0.000000 0.000000 0.000000 1.000000
0.998552 0.015226 -0.051601 0.000000 -0.021398 0.992390 -0.121261 13.663900 0.049362 0.122189 0.991279 -1.184000 0.000000 0.000000 0.000000 1.000000
0.997659 -0.001142 -0.068377 -0.000000 -0.006533 0.993696 -0.111920 13.663900 0.068074 0.112105 0.991362 -1.184000 0.000000 0.000000 0.000000 1.000000
0.996277 -0.011098 -0.085496 0.000000 0.002239 0.994676 -0.103029 13.663900 0.086184 0.102454 0.990997 -1.184000 0.000000 0.000000 0.000000 1.000000
0.994631 -0.019385 -0.101652 0.000000 0.009425 0.995185 -0.097557 13.663900 0.103054 0.096075 0.990025 -1.184000 0.000000 0.000000 0.000000 1.000000
0.992878 -0.028576 -0.115656 -0.000000 0.017764 0.995465 -0.093456 13.663900 0.117802 0.090736 0.988883 -1.184000 0.000000 0.000000 0.000000 1.000000
0.990988 -0.036805 -0.128797 0.000000 0.025087 0.995494 -0.091446 13.663900 0.131582 0.087390 0.987446 -1.184000 0.000000 0.000000 0.000000 1.000000
0.989286 -0.043063 -0.139497 0.000000 0.030244 0.995231 -0.092742 13.663900 0.142826 0.087530 0.985870 -1.184000 0.000000 0.000000 0.000000 1.000000
0.987864 -0.044090 -0.148934 0.000000 0.030160 0.995065 -0.094527 13.663900 0.152367 0.088887 0.984319 -1.184000 0.000000 0.000000 0.000000 1.000000
0.986918 -0.036410 -0.157057 0.000000 0.021520 0.995198 -0.095484 13.663900 0.159780 0.090855 0.982963 -1.184000 0.000000 0.000000 0.000000 1.000000
0.986266 -0.023742 -0.163447 0.000000 0.008049 0.995347 -0.096014 13.663900 0.164966 0.093380 0.981869 -1.184000 0.000000 0.000000 0.000000 1.000000
0.986143 -0.008953 -0.165657 -0.000000 -0.007146 0.995324 -0.096332 13.663900 0.165745 0.096181 0.981467 -1.184000 0.000000 0.000000 0.000000 1.000000
0.986498 0.004126 -0.163720 0.000000 -0.020225 0.995100 -0.096784 13.663900 0.162518 0.098788 0.981748 -1.184000 0.000000 0.000000 0.000000 1.000000
0.987150 0.006798 -0.159651 0.000000 -0.022776 0.994879 -0.098468 13.663900 0.158164 0.100839 0.982250 -1.184000 0.000000 0.000000 0.000000 1.000000
0.988218 -0.003822 -0.153007 0.000000 -0.011916 0.994733 -0.101804 13.663900 0.152590 0.102427 0.982967 -1.184000 0.000000 0.000000 0.000000 1.000000
0.988713 -0.023167 -0.148019 0.000000 0.007415 0.994328 -0.106096 13.663900 0.149637 0.103801 0.983277 -1.184000 0.000000 0.000000 0.000000 1.000000
0.988762 -0.042922 -0.143203 0.000000 0.027172 0.993540 -0.110177 13.663900 0.147007 0.105048 0.983542 -1.184000 0.000000 0.000000 0.000000 1.000000
0.988942 -0.056621 -0.137069 0.000000 0.041134 0.992710 -0.113294 13.663900 0.142484 0.106403 0.984061 -1.184000 0.000000 0.000000 0.000000 1.000000
0.989706 -0.065854 -0.127066 -0.000000 0.051164 0.991978 -0.115596 13.663900 0.133660 0.107905 0.985135 -1.184000 0.000000 0.000000 0.000000 1.000000
0.990401 -0.073725 -0.116924 0.000000 0.060001 0.991337 -0.116839 13.663900 0.124525 0.108701 0.986244 -1.184000 0.000000 0.000000 0.000000 1.000000
0.991039 -0.080018 -0.106952 -0.000000 0.067448 0.990912 -0.116377 13.663900 0.115293 0.108121 0.987430 -1.184000 0.000000 0.000000 0.000000 1.000000
0.991584 -0.085548 -0.097172 0.000000 0.074294 0.990693 -0.114053 13.663900 0.106024 0.105874 0.988711 -1.184000 0.000000 0.000000 0.000000 1.000000
0.992039 -0.090432 -0.087638 0.000000 0.080510 0.990576 -0.110807 13.663900 0.096832 0.102869 0.989970 -1.184000 0.000000 0.000000 0.000000 1.000000
0.992468 -0.094334 -0.078150 0.000000 0.085713 0.990540 -0.107164 13.663900 0.087520 0.099659 0.991165 -1.184000 0.000000 0.000000 0.000000 1.000000
0.992833 -0.098104 -0.068250 0.000000 0.090773 0.990500 -0.103295 13.663900 0.077736 0.096360 0.992306 -1.184000 0.000000 0.000000 0.000000 1.000000
0.993141 -0.102265 -0.056680 0.000000 0.096307 0.990376 -0.099402 13.663900 0.066300 0.093261 0.993432 -1.184000 0.000000 0.000000 0.000000 1.000000
0.993021 -0.107934 -0.047543 0.000000 0.103028 0.990060 -0.095739 13.663900 0.057404 0.090173 0.994270 -1.184000 0.000000 0.000000 0.000000 1.000000
0.992401 -0.115632 -0.042058 0.000000 0.111366 0.989459 -0.092565 13.663900 0.052318 0.087178 0.994818 -1.184000 0.000000 0.000000 0.000000 1.000000
0.991601 -0.123462 -0.038528 -0.000000 0.119645 0.988797 -0.089250 13.663900 0.049115 0.083891 0.995264 -1.184000 0.000000 0.000000 0.000000 1.000000
0.990812 -0.130235 -0.036467 0.000000 0.126726 0.988201 -0.086016 13.663900 0.047239 0.080604 0.995626 -1.184000 0.000000 0.000000 0.000000 1.000000
0.990171 -0.135124 -0.036082 0.000000 0.131733 0.987728 -0.083908 13.663900 0.046978 0.078330 0.995820 -1.184000 0.000000 0.000000 0.000000 1.000000
0.989758 -0.137991 -0.036566 0.000000 0.134612 0.987440 -0.082713 13.663900 0.047520 0.076944 0.995902 -1.184000 0.000000 0.000000 0.000000 1.000000
0.989491 -0.139710 -0.037277 0.000000 0.136288 0.987238 -0.082387 13.663900 0.048311 0.076440 0.995903 -1.184000 0.000000 0.000000 0.000000 1.000000
0.989366 -0.140458 -0.037776 0.000000 0.136953 0.987071 -0.083276 13.663900 0.048985 0.077217 0.995810 -1.184000 0.000000 0.000000 0.000000 1.000000
0.989425 -0.139968 -0.038051 0.000000 0.136278 0.986880 -0.086583 13.663900 0.049670 0.080482 0.995518 -1.184000 0.000000 0.000000 0.000000 1.000000
0.989649 -0.138247 -0.038506 0.000000 0.134382 0.986886 -0.089426 13.663900 0.050364 0.083326 0.995249 -1.184000 0.000000 0.000000 0.000000 1.000000
0.990024 -0.135422 -0.038900 0.000000 0.131328 0.986928 -0.093414 13.663900 0.051042 0.087373 0.994867 -1.184000 0.000000 0.000000 0.000000 1.000000
0.990628 -0.130767 -0.039438 0.000000 0.126414 0.987146 -0.097787 13.663900 0.051719 0.091885 0.994426 -1.184000 0.000000 0.000000 0.000000 1.000000
0.991365 -0.124787 -0.040288 0.000000 0.120172 0.987531 -0.101693 13.663900 0.052475 0.095974 0.994000 -1.184000 0.000000 0.000000 0.000000 1.000000
0.992107 -0.118370 -0.041391 0.000000 0.113485 0.987954 -0.105202 13.663900 0.053345 0.099675 0.993589 -1.184000 0.000000 0.000000 0.000000 1.000000
0.992664 -0.112991 -0.043026 0.000000 0.107810 0.988286 -0.108021 13.663900 0.054727 0.102590 0.993217 -1.184000 0.000000 0.000000 0.000000 1.000000
0.992925 -0.109935 -0.044875 0.000000 0.104392 0.988288 -0.111303 13.663900 0.056586 0.105831 0.992773 -1.184000 0.000000 0.000000 0.000000 1.000000
0.992984 -0.108604 -0.046768 0.000000 0.102738 0.988214 -0.113479 13.663900 0.058541 0.107878 0.992439 -1.184000 0.000000 0.000000 0.000000 1.000000
0.993154 -0.106167 -0.048715 0.000000 0.100002 0.988304 -0.115128 13.663900 0.060368 0.109468 0.992155 -1.184000 0.000000 0.000000 0.000000 1.000000
0.993437 -0.102523 -0.050714 0.000000 0.096089 0.988568 -0.116194 13.663900 0.062047 0.110559 0.991931 -1.184000 0.000000 0.000000 0.000000 1.000000
0.993772 -0.098424 -0.052251 0.000000 0.091858 0.989004 -0.115902 13.663900 0.063084 0.110380 0.991885 -1.184000 0.000000 0.000000 0.000000 1.000000
0.994101 -0.094696 -0.052869 0.000000 0.088186 0.989533 -0.114229 13.663900 0.063132 0.108893 0.992047 -1.184000 0.000000 0.000000 0.000000 1.000000
0.994641 -0.088978 -0.052650 0.000000 0.082603 0.990169 -0.112881 13.663900 0.062176 0.107927 0.992213 -1.184000 0.000000 0.000000 0.000000 1.000000
0.995139 -0.083453 -0.052287 0.000000 0.077207 0.990724 -0.111829 13.663900 0.061134 0.107248 0.992351 -1.184000 0.000000 0.000000 0.000000 1.000000
0.995534 -0.078902 -0.051832 0.000000 0.072791 0.991178 -0.110757 13.663900 0.060114 0.106490 0.992495 -1.184000 0.000000 0.000000 0.000000 1.000000
0.995797 -0.075681 -0.051574 0.000000 0.069687 0.991542 -0.109493 13.663900 0.059424 0.105439 0.992649 -1.184000 0.000000 0.000000 0.000000 1.000000
0.995954 -0.073592 -0.051583 0.000000 0.067765 0.991966 -0.106821 13.663900 0.059029 0.102893 0.992939 -1.184000 0.000000 0.000000 0.000000 1.000000
0.996048 -0.071702 -0.052423 -0.000000 0.065925 0.992321 -0.104659 13.663900 0.059525 0.100790 0.993126 -1.184000 0.000000 0.000000 0.000000 1.000000
0.996101 -0.069842 -0.053890 0.000000 0.064022 0.992613 -0.103054 13.663900 0.060690 0.099202 0.993215 -1.184000 0.000000 0.000000 0.000000 1.000000
0.996158 -0.068033 -0.055144 -0.000000 0.062200 0.992903 -0.101362 13.663900 0.061649 0.097543 0.993320 -1.184000 0.000000 0.000000 0.000000 1.000000
0.996203 -0.066462 -0.056239 0.000000 0.060595 0.993112 -0.100286 13.663900 0.062517 0.096497 0.993368 -1.184000 0.000000 0.000000 0.000000 1.000000
0.996231 -0.065159 -0.057262 0.000000 0.059244 0.993270 -0.099524 13.663900 0.063361 0.095756 0.993386 -1.184000 0.000000 0.000000 0.000000 1.000000
0.996225 -0.064231 -0.058394 0.000000 0.058259 0.993403 -0.098772 13.663900 0.064353 0.094997 0.993395 -1.184000 0.000000 0.000000 0.000000 1.000000
0.996200 -0.063938 -0.059135 0.000000 0.057961 0.993518 -0.097785 13.663900 0.065004 0.093986 0.993449 -1.184000 0.000000 0.000000 0.000000 1.000000
0.996138 -0.064223 -0.059868 0.000000 0.058228 0.993579 -0.097010 13.663900 0.065714 0.093149 0.993481 -1.184000 0.000000 0.000000 0.000000 1.000000
0.996044 -0.064893 -0.060706 0.000000 0.058853 0.993592 -0.096494 13.663900 0.066578 0.092539 0.993481 -1.184000 0.000000 0.000000 0.000000 1.000000
0.995965 -0.065720 -0.061115 0.000000 0.059667 0.993582 -0.096095 13.663900 0.067038 0.092061 0.993494 -1.184000 0.000000 0.000000 0.000000 1.000000
0.995906 -0.066572 -0.061147 0.000000 0.060557 0.993591 -0.095440 13.663900 0.067109 0.091347 0.993555 -1.184000 0.000000 0.000000 0.000000 1.000000</float_array>
        <technique_common>
          <accessor source="#Spine-Matrix-animation-output-transform-array" count="92" stride="16">
            <param type="float4x4"/>
          </accessor>
        </technique_common>
      </source>
      <source id="Spine-Interpolations">
        <Name_array id="Spine-Interpolations-array" count="92">
 LINEAR LINEAR LINEAR LINEAR LINEAR LINEAR LINEAR LINEAR LINEAR LINEAR LINEAR
LINEAR LINEAR LINEAR LINEAR LINEAR LINEAR LINEAR LINEAR LINEAR LINEAR LINEAR LINEAR
LINEAR LINEAR LINEAR LINEAR LINEAR LINEAR LINEAR LINEAR LINEAR LINEAR LINEAR LINEAR
LINEAR LINEAR LINEAR LINEAR LINEAR LINEAR LINEAR LINEAR LINEAR LINEAR LINEAR LINEAR
LINEAR LINEAR LINEAR LINEAR LINEAR LINEAR LINEAR LINEAR LINEAR LINEAR LINEAR LINEAR
LINEAR LINEAR LINEAR LINEAR LINEAR LINEAR LINEAR LINEAR LINEAR LINEAR LINEAR LINEAR
LINEAR LINEAR LINEAR LINEAR LINEAR LINEAR LINEAR LINEAR LINEAR LINEAR LINEAR LINEAR
LINEAR LINEAR LINEAR LINEAR LINEAR LINEAR LINEAR LINEAR LINEAR</Name_array>
        <technique_common>
          <accessor source="#Spine-Interpolations-array" count="92">
            <param type="name"/>
          </accessor>
        </technique_common>
      </source>
      <sampler id="Spine-Matrix-animation-transform">
        <input semantic="INPUT" source="#Spine-Matrix-animation-input"/>
        <input semantic="OUTPUT" source="#Spine-Matrix-animation-output-transform"/>
        <input semantic="INTERPOLATION" source="#Spine-Interpolations"/>
      </sampler>
      <channel source="#Spine-Matrix-animation-transform" target="Spine/matrix"/>
      <source id="Spine1-Matrix-animation-input">
        <float_array id="Spine1-Matrix-animation-input-array" count="92">

0.000000 0.033333 0.066667 0.100000 0.133333 0.166667 0.200000 0.233333 0.266667 0.300000 0.333333 0.366667 0.400000 0.433333 0.466667 0.500000
0.533333 0.566667 0.600000 0.633333 0.666667 0.700000 0.733333 0.766667 0.800000 0.833333 0.866667 0.900000 0.933333 0.966667 1.000000 1.033333
1.066667 1.100000 1.133333 1.166667 1.200000 1.233333 1.266667 1.300000 1.333333 1.366667 1.400000 1.433333 1.466667 1.500000 1.533333 1.566667
1.600000 1.633333 1.666667 1.700000 1.733333 1.766667 1.800000 1.833333 1.866667 1.900000 1.933333 1.966667 2.000000 2.033333 2.066667 2.100000
2.133333 2.166667 2.200000 2.233333 2.266667 2.300000 2.333333 2.366667 2.400000 2.433333 2.466667 2.500000 2.533333 2.566667 2.600000 2.633333
2.666667 2.700000 2.733333 2.766667 2.800000 2.833333 2.866667 2.900000 2.933333 2.966667 3.000000 3.033333</float_array>
        <technique_common>
          <accessor source="#Spine1-Matrix-animation-input-array" count="92">
            <param name="TIME" type="float"/>
          </accessor>
        </technique_common>
      </source>
      <source id="Spine1-Matrix-animation-output-transform">
        <float_array id="Spine1-Matrix-animation-output-transform-array" count="1472">

0.998866 -0.040633 0.024803 -0.000000 0.041160 0.998930 -0.021094 15.941200 -0.023919 0.022091 0.999470 -1.381300 0.000000 0.000000 0.000000 1.000000
0.998755 -0.041617 0.027485 0.000000 0.042219 0.998873 -0.021691 15.941200 -0.026552 0.022825 0.999387 -1.381300 0.000000 0.000000 0.000000 1.000000
0.998401 -0.043342 0.036297 0.000000 0.044141 0.998794 -0.021511 15.941200 -0.035321 0.023079 0.999110 -1.381300 0.000000 0.000000 0.000000 1.000000
0.997658 -0.043977 0.052396 0.000000 0.044954 0.998834 -0.017617 15.941200 -0.051561 0.019931 0.998471 -1.381300 0.000000 0.000000 0.000000 1.000000
0.996130 -0.042376 0.077001 0.000000 0.043053 0.999047 -0.007150 15.941200 -0.076624 0.010438 0.997005 -1.381300 0.000000 0.000000 0.000000 1.000000
0.993428 -0.029779 0.110521 0.000000 0.028665 0.999521 0.011659 15.941200 -0.110816 -0.008414 0.993805 -1.381300 0.000000 0.000000 0.000000 1.000000
0.988815 0.017824 0.148076 0.000000 -0.025920 0.998262 0.052927 15.941200 -0.146876 -0.056173 0.987559 -1.381300 0.000000 0.000000 0.000000 1.000000
0.982978 0.060012 0.173645 0.000000 -0.072532 0.995135 0.066672 15.941200 -0.168799 -0.078132 0.982549 -1.381300 0.000000 0.000000 0.000000 1.000000
0.982669 0.082941 0.165779 0.000000 -0.090764 0.995062 0.040173 15.941200 -0.161628 -0.054523 0.985344 -1.381300 0.000000 0.000000 0.000000 1.000000
0.987613 0.084958 0.131921 0.000000 -0.087034 0.996155 0.010042 15.941200 -0.130560 -0.021399 0.991209 -1.381300 0.000000 0.000000 0.000000 1.000000
0.991414 0.081491 0.102261 0.000000 -0.081500 0.996665 -0.004094 15.941200 -0.102254 -0.004276 0.994749 -1.381300 0.000000 0.000000 0.000000 1.000000
0.993817 0.077492 0.079515 0.000000 -0.076726 0.996972 -0.012641 15.941200 -0.080254 0.006462 0.996754 -1.381300 0.000000 0.000000 0.000000 1.000000
0.995356 0.065514 0.070533 0.000000 -0.063831 0.997626 -0.025854 15.941200 -0.072059 0.021232 0.997174 -1.381300 0.000000 0.000000 0.000000 1.000000
0.997551 0.045200 0.053367 -0.000000 -0.043267 0.998384 -0.036833 15.941200 -0.054946 0.034433 0.997895 -1.381300 0.000000 0.000000 0.000000 1.000000
0.999221 0.020006 0.034024 0.000000 -0.018368 0.998687 -0.047816 15.941200 -0.034936 0.047154 0.998277 -1.381300 0.000000 0.000000 0.000000 1.000000
0.999714 0.000936 0.023900 -0.000000 0.000524 0.998138 -0.060999 15.941200 -0.023912 0.060995 0.997852 -1.381300 0.000000 0.000000 0.000000 1.000000
0.999743 -0.012777 0.018742 -0.000000 0.013952 0.997857 -0.063930 15.941200 -0.017885 0.064175 0.997778 -1.381300 0.000000 0.000000 0.000000 1.000000
0.999685 -0.020271 0.014766 -0.000000 0.021185 0.997682 -0.064662 15.941200 -0.013421 0.064955 0.997798 -1.381300 0.000000 0.000000 0.000000 1.000000
0.999744 -0.019971 0.010663 0.000000 0.020589 0.997903 -0.061367 15.941200 -0.009415 0.061570 0.998058 -1.381300 0.000000 0.000000 0.000000 1.000000
0.999899 -0.012518 0.006774 0.000000 0.012858 0.998529 -0.052678 15.941200 -0.006105 0.052760 0.998589 -1.381300 0.000000 0.000000 0.000000 1.000000
0.999984 0.005450 0.001744 -0.000000 -0.005368 0.999015 -0.044038 15.941200 -0.001982 0.044028 0.999028 -1.381300 0.000000 0.000000 0.000000 1.000000
0.999925 0.012210 0.001103 0.000000 -0.012146 0.998865 -0.046060 15.941200 -0.001664 0.046043 0.998938 -1.381300 0.000000 0.000000 0.000000 1.000000
0.999921 0.012222 0.002895 0.000000 -0.012036 0.998281 -0.057368 15.941200 -0.003592 0.057329 0.998349 -1.381300 0.000000 0.000000 0.000000 1.000000
0.999940 0.009579 0.005296 -0.000000 -0.009160 0.997201 -0.074206 15.941200 -0.005992 0.074153 0.997229 -1.381300 0.000000 0.000000 0.000000 1.000000
0.999961 0.007427 0.004729 0.000000 -0.006941 0.995392 -0.095638 15.941200 -0.005418 0.095601 0.995405 -1.381300 0.000000 0.000000 0.000000 1.000000
0.999909 0.013385 -0.001537 0.000000 -0.013472 0.991820 -0.126932 15.941200 -0.000175 0.126941 0.991910 -1.381300 0.000000 0.000000 0.000000 1.000000
0.999509 0.027954 -0.014127 0.000000 -0.029281 0.994075 -0.104678 15.941200 0.011117 0.105040 0.994406 -1.381300 0.000000 0.000000 0.000000 1.000000
0.998630 0.041075 -0.032409 -0.000000 -0.043877 0.994872 -0.091125 15.941200 0.028499 0.092423 0.995312 -1.381300 0.000000 0.000000 0.000000 1.000000
0.997325 0.047698 -0.055386 0.000000 -0.054640 0.989813 -0.131473 15.941200 0.048551 0.134147 0.989771 -1.381300 0.000000 0.000000 0.000000 1.000000
