<?xml version="1.0" encoding="utf-8"?>
<COLLADA xmlns="http://www.collada.org/2005/11/COLLADASchema" version="1.4.1">
  <asset>
    <contributor>
      <author>Mixamo</author>
      <authoring_tool>COLLADA Mixamo exporter</authoring_tool>
      <comments/>
    </contributor>
    <created>2021-07-12T12:05:16Z</created>
    <modified>2021-07-12T12:05:16Z</modified>
    <revision/>
    <title/>
    <unit meter="0.010000"/>
    <up_axis>Y_UP</up_axis>
  </asset>
  <library_animations>
    <animation>
      <source id="Hips-Matrix-animation-input">
        <float_array id="Hips-Matrix-animation-input-array" count="79">

0.000000 0.033333 0.066667 0.100000 0.133333 0.166667 0.200000 0.233333 0.266667 0.300000 0.333333 0.366667 0.400000 0.433333 0.466667 0.500000
0.533333 0.566667 0.600000 0.633333 0.666667 0.700000 0.733333 0.766667 0.800000 0.833333 0.866667 0.900000 0.933333 0.966667 1.000000 1.033333
1.066667 1.100000 1.133333 1.166667 1.200000 1.233333 1.266667 1.300000 1.333333 1.366667 1.400000 1.433333 1.466667 1.500000 1.533333 1.566667
1.600000 1.633333 1.666667 1.700000 1.733333 1.766667 1.800000 1.833333 1.866667 1.900000 1.933333 1.966667 2.000000 2.033333 2.066667 2.100000
2.133333 2.166667 2.200000 2.233333 2.266667 2.300000 2.333333 2.366667 2.400000 2.433333 2.466667 2.500000 2.533333 2.566667 2.600000</float_array>
        <technique_common>
          <accessor source="#Hips-Matrix-animation-input-array" count="79">
            <param name="TIME" type="float"/>
          </accessor>
        </technique_common>
      </source>
      <source id="Hips-Matrix-animation-output-transform">
        <float_array id="Hips-Matrix-animation-output-transform-array" count="1264">

0.582763 -0.122065 -0.803422 -0.359630 -0.012773 0.987156 -0.159245 79.817993 0.812542 0.103064 0.573719 0.091853 0.000000 0.000000 0.000000 1.000000
0.572547 -0.117193 -0.811453 0.093234 -0.017092 0.987810 -0.154723 79.582436 0.819693 0.102456 0.563565 -0.141444 0.000000 0.000000 0.000000 1.000000
0.564354 -0.112654 -0.817810 0.760242 -0.018818 0.988632 -0.149171 78.864296 0.825319 0.099574 0.555819 -0.611472 0.000000 0.000000 0.000000 1.000000
0.550312 -0.106531 -0.828135 1.910900 -0.017414 0.990147 -0.138944 77.430489 0.834778 0.090883 0.543034 -1.247855 0.000000 0.000000 0.000000 1.000000
0.555115 -0.095458 -0.826278 2.634567 0.003426 0.993647 -0.112492 75.711983 0.831766 0.059616 0.551916 -1.402330 0.000000 0.000000 0.000000 1.000000
0.610672 -0.046712 -0.790504 2.669309 0.044265 0.998711 -0.024820 74.589043 0.790645 -0.019835 0.611953 -0.870013 0.000000 0.000000 0.000000 1.000000
0.744814 0.055653 -0.664947 2.538855 0.057665 0.987419 0.147233 73.996407 0.664775 -0.148005 0.732235 -0.031953 0.000000 0.000000 0.000000 1.000000
0.855354 0.086231 -0.510816 1.997430 0.061941 0.961951 0.266108 73.516945 0.514327 -0.259257 0.817468 0.973848 0.000000 0.000000 0.000000 1.000000
0.912034 0.077496 -0.402726 1.390990 0.072909 0.935704 0.345170 73.512451 0.403582 -0.344169 0.847744 2.222397 0.000000 0.000000 0.000000 1.000000
0.951946 0.055147 -0.301261 0.887817 0.078014 0.907545 0.412644 73.971176 0.296164 -0.416317 0.859632 2.998092 0.000000 0.000000 0.000000 1.000000
0.988448 0.026681 -0.149191 0.333429 0.043302 0.893631 0.446708 74.610031 0.145240 -0.448008 0.882153 3.150160 0.000000 0.000000 0.000000 1.000000
0.999863 -0.013619 0.009432 -0.290867 0.007665 0.885049 0.465436 74.923897 -0.014687 -0.465299 0.885031 2.364906 0.000000 0.000000 0.000000 1.000000
0.984757 -0.081340 0.153748 -1.078406 -0.002632 0.876851 0.480755 74.702103 -0.173918 -0.473831 0.863271 0.574293 0.000000 0.000000 0.000000 1.000000
0.949913 -0.115019 0.290578 -1.955790 -0.044886 0.869954 0.491086 74.375107 -0.309273 -0.479532 0.821218 -1.489623 0.000000 0.000000 0.000000 1.000000
0.902205 -0.135066 0.409614 -2.818160 -0.094325 0.864925 0.492958 73.771957 -0.420867 -0.483386 0.767599 -4.027806 0.000000 0.000000 0.000000 1.000000
0.849375 -0.147839 0.506662 -3.775869 -0.140795 0.861714 0.487469 72.658005 -0.508665 -0.485379 0.711103 -7.246925 0.000000 0.000000 0.000000 1.000000
0.792824 -0.158746 0.588412 -4.794787 -0.182751 0.859127 0.478020 70.894585 -0.581405 -0.486519 0.652126 -10.823854 0.000000 0.000000 0.000000 1.000000
0.725661 -0.159650 0.669274 -5.777740 -0.233465 0.857869 0.457773 68.580269 -0.647233 -0.488440 0.585249 -14.613005 0.000000 0.000000 0.000000 1.000000
0.669797 -0.154508 0.726291 -6.981812 -0.274584 0.857241 0.435592 64.578140 -0.689909 -0.491187 0.531753 -19.407562 0.000000 0.000000 0.000000 1.000000
0.639165 -0.143603 0.755544 -8.379696 -0.302027 0.856615 0.418318 60.201298 -0.707282 -0.495569 0.504146 -24.852449 0.000000 0.000000 0.000000 1.000000
0.626270 -0.130516 0.768604 -10.184765 -0.322060 0.854518 0.407524 55.545101 -0.709974 -0.502757 0.493125 -30.634428 0.000000 0.000000 0.000000 1.000000
0.613974 -0.115233 0.780869 -12.352505 -0.345975 0.849903 0.397450 50.642391 -0.709462 -0.514186 0.481951 -36.636955 0.000000 0.000000 0.000000 1.000000
0.603153 -0.095661 0.791869 -14.796868 -0.376855 0.840807 0.388617 45.509140 -0.702984 -0.532815 0.471085 -42.556591 0.000000 0.000000 0.000000 1.000000
0.603147 -0.066034 0.794892 -17.064196 -0.414676 0.825344 0.383211 40.026188 -0.681364 -0.560755 0.470422 -47.298393 0.000000 0.000000 0.000000 1.000000
0.620921 -0.054861 0.781951 -19.423313 -0.473315 0.768930 0.429791 34.330643 -0.624844 -0.636975 0.451478 -52.274220 0.000000 0.000000 0.000000 1.000000
0.644075 -0.057009 0.762835 -21.526903 -0.561670 0.641752 0.522188 28.119987 -0.519321 -0.764790 0.381316 -57.328312 0.000000 0.000000 0.000000 1.000000
0.668820 -0.063387 0.740717 -23.073696 -0.632855 0.474271 0.612014 21.246294 -0.390094 -0.878094 0.277087 -61.590347 0.000000 0.000000 0.000000 1.000000
0.695676 -0.072735 0.714664 -23.413719 -0.665739 0.308459 0.679445 18.420166 -0.269863 -0.948453 0.166165 -65.089951 0.000000 0.000000 0.000000 1.000000
0.723121 -0.085548 0.685403 -23.877628 -0.664505 0.184627 0.724118 18.047455 -0.188490 -0.979078 0.076660 -68.477577 0.000000 0.000000 0.000000 1.000000
0.753918 -0.101157 0.649134 -24.003033 -0.644104 0.080764 0.760663 18.049332 -0.129373 -0.991587 -0.004266 -71.971878 0.000000 0.000000 0.000000 1.000000
0.786477 -0.120614 0.605728 -23.873480 -0.610921 -0.007869 0.791653 18.165569 -0.090718 -0.992668 -0.079874 -74.719452 0.000000 0.000000 0.000000 1.000000
0.818451 -0.142947 0.556511 -23.702477 -0.570165 -0.082261 0.817402 18.526636 -0.071066 -0.986306 -0.148830 -77.643753 0.000000 0.000000 0.000000 1.000000
0.848172 -0.165469 0.503215 -23.462399 -0.525613 -0.144809 0.838308 19.113853 -0.065844 -0.975526 -0.209795 -80.443451 0.000000 0.000000 0.000000 1.000000
0.873812 -0.187433 0.448689 -23.355209 -0.480898 -0.196384 0.854500 19.831303 -0.072046 -0.962446 -0.261739 -83.291122 0.000000 0.000000 0.000000 1.000000
0.894641 -0.206094 0.396412 -23.174738 -0.438845 -0.238821 0.866244 20.452234 -0.083856 -0.948941 -0.304103 -85.808456 0.000000 0.000000 0.000000 1.000000
0.912589 -0.221796 0.343494 -22.907564 -0.396293 -0.272963 0.876609 21.137226 -0.100668 -0.936108 -0.336999 -87.918709 0.000000 0.000000 0.000000 1.000000
0.927536 -0.239009 0.287318 -22.667915 -0.351714 -0.298239 0.887328 21.899115 -0.126390 -0.924082 -0.360690 -89.605217 0.000000 0.000000 0.000000 1.000000
0.938377 -0.257841 0.230146 -22.598518 -0.306917 -0.315515 0.897915 22.830324 -0.158905 -0.913219 -0.375208 -90.883713 0.000000 0.000000 0.000000 1.000000
0.944557 -0.278330 0.174197 -22.737339 -0.263410 -0.325589 0.908079 23.550917 -0.196029 -0.903618 -0.380852 -92.167908 0.000000 0.000000 0.000000 1.000000
0.947100 -0.297405 0.120629 -23.024652 -0.220499 -0.329879 0.917911 24.168682 -0.233198 -0.895952 -0.378006 -93.001778 0.000000 0.000000 0.000000 1.000000
0.946292 -0.315233 0.071835 -23.549656 -0.179841 -0.328573 0.927198 24.427460 -0.268681 -0.890319 -0.367618 -93.621704 0.000000 0.000000 0.000000 1.000000
0.943694 -0.329614 0.028215 -24.094597 -0.140530 -0.322206 0.936181 24.348944 -0.299487 -0.887433 -0.350385 -93.909622 0.000000 0.000000 0.000000 1.000000
0.940905 -0.338666 -0.002029 -24.620441 -0.105565 -0.298971 0.948405 23.459326 -0.321799 -0.892145 -0.317054 -93.926453 0.000000 0.000000 0.000000 1.000000
0.939138 -0.343242 -0.014279 -24.945923 -0.079933 -0.258748 0.962632 22.300972 -0.334111 -0.902903 -0.270437 -93.713966 0.000000 0.000000 0.000000 1.000000
0.938772 -0.344315 -0.012422 -25.241171 -0.062937 -0.206822 0.976352 20.969500 -0.338742 -0.915790 -0.215829 -93.232277 0.000000 0.000000 0.000000 1.000000
0.941102 -0.338051 -0.006961 -25.488195 -0.045164 -0.146081 0.988241 19.669067 -0.335093 -0.929721 -0.152745 -92.491753 0.000000 0.000000 0.000000 1.000000
0.944796 -0.327658 -0.000731 -25.575733 -0.027677 -0.082028 0.996246 18.505089 -0.326488 -0.941229 -0.086568 -91.298180 0.000000 0.000000 0.000000 1.000000
0.947731 -0.319041 0.004299 -25.578993 -0.011538 -0.020803 0.999717 17.383060 -0.318861 -0.947513 -0.023397 -90.371048 0.000000 0.000000 0.000000 1.000000
0.950342 -0.311119 0.007404 -25.665384 0.002408 0.031142 0.999512 16.893454 -0.311198 -0.949860 0.030345 -89.391640 0.000000 0.000000 0.000000 1.000000
0.952394 -0.304746 0.008722 -26.071621 0.010373 0.060983 0.998085 16.413940 -0.304694 -0.950479 0.061241 -88.637268 0.000000 0.000000 0.000000 1.000000
0.953822 -0.300275 0.007678 -26.662415 0.015764 0.075568 0.997016 15.830175 -0.299959 -0.950855 0.076812 -88.110435 0.000000 0.000000 0.000000 1.000000
0.954760 -0.297347 0.004264 -27.170300 0.019909 0.078221 0.996737 15.183870 -0.296710 -0.951560 0.080602 -88.049561 0.000000 0.000000 0.000000 1.000000
0.955831 -0.293916 0.000481 -27.352367 0.022085 0.073454 0.997054 14.603460 -0.293086 -0.953005 0.076701 -87.963089 0.000000 0.000000 0.000000 1.000000
0.956594 -0.291419 -0.001590 -27.455292 0.022720 0.069138 0.997348 14.161203 -0.290536 -0.954094 0.072758 -87.664284 0.000000 0.000000 0.000000 1.000000
0.955383 -0.295369 0.000156 -27.567429 0.020056 0.065399 0.997658 14.076946 -0.294687 -0.953142 0.068405 -86.829666 0.000000 0.000000 0.000000 1.000000
0.951231 -0.308434 0.005407 -27.702024 0.014716 0.062882 0.997912 14.131132 -0.308130 -0.949165 0.064354 -86.008759 0.000000 0.000000 0.000000 1.000000
0.944680 -0.327570 0.016682 -27.699039 0.003672 0.061421 0.998105 14.161093 -0.327974 -0.942828 0.059226 -85.309639 0.000000 0.000000 0.000000 1.000000
0.937897 -0.344982 0.036560 -27.570486 -0.016759 0.060207 0.998045 14.179378 -0.346508 -0.936677 0.050686 -85.133492 0.000000 0.000000 0.000000 1.000000
0.934288 -0.352298 0.054705 -27.332680 -0.036059 0.059279 0.997590 14.159070 -0.354692 -0.934009 0.042680 -85.247635 0.000000 0.000000 0.000000 1.000000
0.933749 -0.351731 0.066313 -27.117851 -0.048750 0.058566 0.997092 14.126560 -0.354592 -0.934267 0.037539 -85.533501 0.000000 0.000000 0.000000 1.000000
0.933306 -0.350696 0.077146 -27.002047 -0.060545 0.058077 0.996474 14.082756 -0.353940 -0.934687 0.032970 -85.742889 0.000000 0.000000 0.000000 1.000000
0.933259 -0.349283 0.083841 -26.965315 -0.067846 0.057804 0.996020 14.034228 -0.352739 -0.935233 0.030249 -85.931198 0.000000 0.000000 0.000000 1.000000
0.933215 -0.347599 0.091022 -26.920036 -0.075464 0.058067 0.995456 13.985350 -0.351305 -0.935844 0.027957 -86.097946 0.000000 0.000000 0.000000 1.000000
0.933041 -0.345784 0.099338 -26.878319 -0.084111 0.058806 0.994720 13.938872 -0.349800 -0.936469 0.025784 -86.235786 0.000000 0.000000 0.000000 1.000000
0.932891 -0.343931 0.106890 -26.844879 -0.091822 0.059856 0.993975 13.888352 -0.348257 -0.937085 0.024259 -86.341141 0.000000 0.000000 0.000000 1.000000
0.933044 -0.342286 0.110766 -26.860451 -0.095369 0.061548 0.993537 13.838644 -0.346891 -0.937578 0.024784 -86.427010 0.000000 0.000000 0.000000 1.000000
0.933454 -0.341054 0.111110 -26.915787 -0.094897 0.063914 0.993433 13.800396 -0.345916 -0.937868 0.027296 -86.486748 0.000000 0.000000 0.000000 1.000000
0.934212 -0.340378 0.106726 -27.003197 -0.089334 0.066414 0.993785 13.780453 -0.345350 -0.937940 0.031638 -86.521362 0.000000 0.000000 0.000000 1.000000
0.934508 -0.340876 0.102457 -27.097275 -0.083881 0.068834 0.994095 13.778045 -0.345916 -0.937585 0.035733 -86.416771 0.000000 0.000000 0.000000 1.000000
0.934538 -0.341808 0.099023 -27.178730 -0.079415 0.070926 0.994315 13.784380 -0.346888 -0.937090 0.039138 -86.263039 0.000000 0.000000 0.000000 1.000000
0.934396 -0.342914 0.096512 -27.246159 -0.076141 0.072414 0.994464 13.794451 -0.348005 -0.936571 0.041554 -86.098236 0.000000 0.000000 0.000000 1.000000
0.934247 -0.344084 0.093747 -27.311928 -0.072920 0.073010 0.994662 13.810090 -0.349091 -0.936096 0.043119 -85.954254 0.000000 0.000000 0.000000 1.000000
0.934086 -0.345194 0.091242 -27.370934 -0.070410 0.072441 0.994884 13.825977 -0.350038 -0.935732 0.043361 -85.828041 0.000000 0.000000 0.000000 1.000000
0.933729 -0.346549 0.089740 -27.425884 -0.069327 0.070885 0.995072 13.838139 -0.351202 -0.935350 0.042162 -85.746986 0.000000 0.000000 0.000000 1.000000
0.933078 -0.347790 0.091697 -27.435156 -0.072147 0.068782 0.995020 13.840897 -0.352365 -0.935046 0.039087 -85.692757 0.000000 0.000000 0.000000 1.000000
0.932352 -0.348676 0.095627 -27.390707 -0.077159 0.066508 0.994798 13.846759 -0.353222 -0.934881 0.035106 -85.699829 0.000000 0.000000 0.000000 1.000000
0.931453 -0.349353 0.101721 -27.294823 -0.084414 0.064457 0.994344 13.852903 -0.353934 -0.934771 0.030549 -85.742615 0.000000 0.000000 0.000000 1.000000
0.930573 -0.349822 0.107976 -27.203644 -0.091634 0.062987 0.993799 13.858221 -0.354454 -0.934696 0.026559 -85.825348 0.000000 0.000000 0.000000 1.000000
0.929847 -0.349991 0.113542 -27.160267 -0.097768 0.062474 0.993246 13.857778 -0.354721 -0.934667 0.023873 -85.881577 0.000000 0.000000 0.000000 1.000000</float_array>
        <technique_common>
          <accessor source="#Hips-Matrix-animation-output-transform-array" count="79" stride="16">
            <param type="float4x4"/>
          </accessor>
        </technique_common>
      </source>
      <source id="Hips-Interpolations">
        <Name_array id="Hips-Interpolations-array" count="79">
 LINEAR LINEAR LINEAR LINEAR LINEAR LINEAR LINEAR LINEAR LINEAR LINEAR LINEAR
LINEAR LINEAR LINEAR LINEAR LINEAR LINEAR LINEAR LINEAR LINEAR LINEAR LINEAR LINEAR
LINEAR LINEAR LINEAR LINEAR LINEAR LINEAR LINEAR LINEAR LINEAR LINEAR LINEAR LINEAR
LINEAR LINEAR LINEAR LINEAR LINEAR LINEAR LINEAR LINEAR LINEAR LINEAR LINEAR LINEAR
LINEAR LINEAR LINEAR LINEAR LINEAR LINEAR LINEAR LINEAR LINEAR LINEAR LINEAR LINEAR
LINEAR LINEAR LINEAR LINEAR LINEAR LINEAR LINEAR LINEAR LINEAR LINEAR LINEAR LINEAR
LINEAR LINEAR LINEAR LINEAR LINEAR LINEAR LINEAR LINEAR</Name_array>
        <technique_common>
          <accessor source="#Hips-Interpolations-array" count="79">
            <param type="name"/>
          </accessor>
        </technique_common>
      </source>
      <sampler id="Hips-Matrix-animation-transform">
        <input semantic="INPUT" source="#Hips-Matrix-animation-input"/>
        <input semantic="OUTPUT" source="#Hips-Matrix-animation-output-transform"/>
        <input semantic="INTERPOLATION" source="#Hips-Interpolations"/>
      </sampler>
      <channel source="#Hips-Matrix-animation-transform" target="Hips/matrix"/>
      <source id="Spine-Matrix-animation-input">
        <float_array id="Spine-Matrix-animation-input-array" count="79">

0.000000 0.033333 0.066667 0.100000 0.133333 0.166667 0.200000 0.233333 0.266667 0.300000 0.333333 0.366667 0.400000 0.433333 0.466667 0.500000
0.533333 0.566667 0.600000 0.633333 0.666667 0.700000 0.733333 0.766667 0.800000 0.833333 0.866667 0.900000 0.933333 0.966667 1.000000 1.033333
1.066667 1.100000 1.133333 1.166667 1.200000 1.233333 1.266667 1.300000 1.333333 1.366667 1.400000 1.433333 1.466667 1.500000 1.533333 1.566667
1.600000 1.633333 1.666667 1.700000 1.733333 1.766667 1.800000 1.833333 1.866667 1.900000 1.933333 1.966667 2.000000 2.033333 2.066667 2.100000
2.133333 2.166667 2.200000 2.233333 2.266667 2.300000 2.333333 2.366667 2.400000 2.433333 2.466667 2.500000 2.533333 2.566667 2.600000</float_array>
        <technique_common>
          <accessor source="#Spine-Matrix-animation-input-array" count="79">
            <param name="TIME" type="float"/>
          </accessor>
        </technique_common>
      </source>
      <source id="Spine-Matrix-animation-output-transform">
        <float_array id="Spine-Matrix-animation-output-transform-array" count="1264">

0.996433 0.056439 0.062745 0.000000 -0.047990 0.990503 -0.128841 13.663900 -0.069420 0.125371 0.989678 -1.184000 0.000000 0.000000 0.000000 1.000000
0.996857 0.053616 0.058328 0.000000 -0.045886 0.990890 -0.126615 13.663900 -0.064585 0.123540 0.990236 -1.184000 0.000000 0.000000 0.000000 1.000000
0.997849 0.045714 0.046996 -0.000000 -0.039757 0.991895 -0.120677 13.663900 -0.052131 0.118549 0.991579 -1.184000 0.000000 0.000000 0.000000 1.000000
0.998934 0.033881 0.031355 0.000000 -0.030165 0.993226 -0.112218 13.663900 -0.034944 0.111152 0.993189 -1.184000 0.000000 0.000000 0.000000 1.000000
0.999721 0.018745 0.014406 0.000000 -0.017173 0.994596 -0.102393 13.663900 -0.016248 0.102117 0.994640 -1.184000 0.000000 0.000000 0.000000 1.000000
0.999999 0.001188 -0.000918 0.000000 -0.001268 0.995735 -0.092255 13.663900 0.000805 0.092256 0.995735 -1.184000 0.000000 0.000000 0.000000 1.000000
0.999796 -0.016170 -0.012127 -0.000000 0.015114 0.996466 -0.082627 13.663900 0.013420 0.082427 0.996507 -1.184000 0.000000 0.000000 0.000000 1.000000
0.999240 -0.036242 -0.014368 0.000000 0.035173 0.997016 -0.068715 13.663900 0.016816 0.068157 0.997533 -1.184000 0.000000 0.000000 0.000000 1.000000
0.998699 -0.050092 -0.009511 0.000000 0.049584 0.997630 -0.047699 13.663900 0.011878 0.047165 0.998816 -1.184000 0.000000 0.000000 0.000000 1.000000
0.998160 -0.060547 -0.003142 0.000000 0.060448 0.997847 -0.025454 13.663900 0.004676 0.025217 0.999671 -1.184000 0.000000 0.000000 0.000000 1.000000
0.997953 -0.063815 0.004235 0.000000 0.063829 0.997956 -0.003168 13.663900 -0.004024 0.003432 0.999986 -1.184000 0.000000 0.000000 0.000000 1.000000
0.998588 -0.051895 0.011322 -0.000000 0.051702 0.998522 0.016732 13.663900 -0.012173 -0.016123 0.999796 -1.184000 0.000000 0.000000 0.000000 1.000000
0.999462 -0.027676 0.017624 0.000000 0.026992 0.998915 0.037941 13.663900 -0.018655 -0.037445 0.999125 -1.184000 0.000000 0.000000 0.000000 1.000000
0.999709 -0.005569 0.023469 0.000000 0.004372 0.998701 0.050765 13.663900 -0.023721 -0.050648 0.998435 -1.184000 0.000000 0.000000 0.000000 1.000000
0.999500 0.014375 0.028175 0.000000 -0.015938 0.998301 0.056039 13.663900 -0.027322 -0.056460 0.998031 -1.184000 0.000000 0.000000 0.000000 1.000000
0.999113 0.029404 0.030131 -0.000000 -0.031079 0.997905 0.056739 13.663900 -0.028400 -0.057625 0.997934 -1.184000 0.000000 0.000000 0.000000 1.000000
0.998857 0.037560 0.029568 0.000000 -0.039038 0.997930 0.051103 13.663900 -0.027587 -0.052199 0.998256 -1.184000 0.000000 0.000000 0.000000 1.000000
0.998794 0.039665 0.028928 0.000000 -0.040869 0.998269 0.042282 13.663900 -0.027201 -0.043413 0.998687 -1.184000 0.000000 0.000000 0.000000 1.000000
0.998905 0.037397 0.028119 0.000000 -0.038412 0.998596 0.036479 13.663900 -0.026715 -0.037519 0.998939 -1.184000 0.000000 0.000000 0.000000 1.000000
0.999211 0.029935 0.026115 0.000000 -0.030648 0.999157 0.027318 13.663900 -0.025276 -0.028097 0.999286 -1.184000 0.000000 0.000000 0.000000 1.000000
0.999601 0.017606 0.022091 0.000000 -0.017915 0.999744 0.013849 13.663900 -0.021841 -0.014239 0.999660 -1.184000 0.000000 0.000000 0.000000 1.000000
0.999857 0.004906 0.016174 -0.000000 -0.004868 0.999985 -0.002390 13.663900 -0.016186 0.002311 0.999866 -1.184000 0.000000 0.000000 0.000000 1.000000
0.999893 -0.008161 0.012167 0.000000 0.008356 0.999837 -0.016027 13.663900 -0.012034 0.016127 0.999798 -1.184000 0.000000 0.000000 0.000000 1.000000
0.999635 -0.024119 0.012132 -0.000000 0.024466 0.999270 -0.029355 13.663900 -0.011415 0.029641 0.999495 -1.184000 0.000000 0.000000 0.000000 1.000000
0.999186 -0.037620 0.014538 -0.000000 0.038275 0.998125 -0.047765 13.663900 -0.012714 0.048283 0.998753 -1.184000 0.000000 0.000000 0.000000 1.000000
0.998737 -0.049834 0.006437 0.000000 0.050161 0.996322 -0.069474 13.663900 -0.002951 0.069709 0.997563 -1.184000 0.000000 0.000000 0.000000 1.000000
0.998379 -0.056563 -0.006367 -0.000000 0.055736 0.994172 -0.092285 13.663900 0.011550 0.091781 0.995712 -1.184000 0.000000 0.000000 0.000000 1.000000
0.998337 -0.055305 -0.016289 -0.000000 0.052837 0.990702 -0.125367 13.663900 0.023071 0.124298 0.991977 -1.184000 0.000000 0.000000 0.000000 1.000000
0.998288 -0.053680 -0.023230 0.000000 0.050812 0.992617 -0.110133 13.663900 0.028971 0.108764 0.993645 -1.184000 0.000000 0.000000 0.000000 1.000000
0.998136 -0.055523 -0.025344 -0.000000 0.053303 0.995276 -0.081147 13.663900 0.029730 0.079644 0.996380 -1.184000 0.000000 0.000000 0.000000 1.000000
0.998160 -0.055584 -0.024219 0.000000 0.053865 0.996323 -0.066625 13.663900 0.027833 0.065198 0.997484 -1.184000 0.000000 0.000000 0.000000 1.000000
0.998538 -0.052188 -0.014051 0.000000 0.051122 0.996389 -0.067791 13.663900 0.017538 0.066974 0.997601 -1.184000 0.000000 0.000000 0.000000 1.000000
0.998916 -0.046478 0.002529 -0.000000 0.046528 0.995487 -0.082704 13.663900 0.001327 0.082732 0.996571 -1.184000 0.000000 0.000000 0.000000 1.000000
0.998877 -0.044006 0.017539 -0.000000 0.045507 0.994228 -0.097162 13.663900 -0.013162 0.097851 0.995114 -1.184000 0.000000 0.000000 0.000000 1.000000
0.998324 -0.052941 0.023375 0.000000 0.055120 0.992911 -0.105304 13.663900 -0.017634 0.106416 0.994165 -1.184000 0.000000 0.000000 0.000000 1.000000
0.998550 -0.052565 0.011632 -0.000000 0.053549 0.992058 -0.113811 13.663900 -0.005557 0.114269 0.993434 -1.184000 0.000000 0.000000 0.000000 1.000000
0.998967 -0.045105 -0.005549 0.000000 0.044195 0.992663 -0.112547 13.663900 0.010584 0.112185 0.993631 -1.184000 0.000000 0.000000 0.000000 1.000000
0.999311 -0.034051 -0.014758 -0.000000 0.032210 0.993318 -0.110820 13.663900 0.018433 0.110268 0.993731 -1.184000 0.000000 0.000000 0.000000 1.000000
0.999536 -0.021014 -0.022046 0.000000 0.018457 0.993714 -0.110417 13.663900 0.024228 0.109959 0.993641 -1.184000 0.000000 0.000000 0.000000 1.000000
0.999521 -0.010088 -0.029245 0.000000 0.006948 0.994391 -0.105538 13.663900 0.030145 0.105284 0.993985 -1.184000 0.000000 0.000000 0.000000 1.000000
0.999399 -0.005583 -0.034202 0.000000 0.002171 0.995087 -0.098982 13.663900 0.034587 0.098848 0.994501 -1.184000 0.000000 0.000000 0.000000 1.000000
0.999303 -0.002963 -0.037219 0.000000 -0.000469 0.995771 -0.091864 13.663900 0.037333 0.091818 0.995076 -1.184000 0.000000 0.000000 0.000000 1.000000
0.999237 -0.001111 -0.039049 0.000000 -0.002151 0.996514 -0.083399 13.663900 0.039006 0.083420 0.995751 -1.184000 0.000000 0.000000 0.000000 1.000000
0.999202 0.000067 -0.039932 0.000000 -0.003141 0.997033 -0.076917 13.663900 0.039808 0.076981 0.996238 -1.184000 0.000000 0.000000 0.000000 1.000000
0.999173 0.001463 -0.040641 0.000000 -0.004052 0.997962 -0.063676 13.663900 0.040465 0.063788 0.997143 -1.184000 0.000000 0.000000 0.000000 1.000000
0.999181 0.003513 -0.040307 0.000000 -0.005427 0.998857 -0.047487 13.663900 0.040094 0.047667 0.998058 -1.184000 0.000000 0.000000 0.000000 1.000000
0.999402 0.004779 -0.034239 -0.000000 -0.005825 0.999517 -0.030539 13.663900 0.034077 0.030720 0.998947 -1.184000 0.000000 0.000000 0.000000 1.000000
0.999663 0.005887 -0.025296 0.000000 -0.006265 0.999870 -0.014868 13.663900 0.025205 0.015021 0.999569 -1.184000 0.000000 0.000000 0.000000 1.000000
0.999852 0.005116 -0.016410 0.000000 -0.005151 0.999985 -0.002076 13.663900 0.016399 0.002160 0.999863 -1.184000 0.000000 0.000000 0.000000 1.000000
0.999950 0.003460 -0.009336 0.000000 -0.003379 0.999956 0.008708 13.663900 0.009366 -0.008676 0.999919 -1.184000 0.000000 0.000000 0.000000 1.000000
0.999995 0.001352 -0.002793 0.000000 -0.001308 0.999877 0.015640 13.663900 0.002814 -0.015636 0.999874 -1.184000 0.000000 0.000000 0.000000 1.000000
0.999987 -0.002611 0.004321 -0.000000 0.002529 0.999818 0.018923 13.663900 -0.004370 -0.018912 0.999812 -1.184000 0.000000 0.000000 0.000000 1.000000
0.999911 -0.008327 0.010407 0.000000 0.008110 0.999754 0.020660 13.663900 -0.010577 -0.020574 0.999732 -1.184000 0.000000 0.000000 0.000000 1.000000
0.999843 -0.010469 0.014272 0.000000 0.010164 0.999722 0.021282 13.663900 -0.014491 -0.021133 0.999672 -1.184000 0.000000 0.000000 0.000000 1.000000
0.999879 -0.003280 0.015186 0.000000 0.002959 0.999773 0.021122 13.663900 -0.015252 -0.021075 0.999662 -1.184000 0.000000 0.000000 0.000000 1.000000
0.999879 0.005601 0.014503 -0.000000 -0.005893 0.999779 0.020188 13.663900 -0.014386 -0.020271 0.999691 -1.184000 0.000000 0.000000 0.000000 1.000000
0.999765 0.017347 0.013008 0.000000 -0.017587 0.999673 0.018566 13.663900 -0.012681 -0.018790 0.999743 -1.184000 0.000000 0.000000 0.000000 1.000000
0.999607 0.026544 0.009061 -0.000000 -0.026692 0.999506 0.016568 13.663900 -0.008617 -0.016803 0.999822 -1.184000 0.000000 0.000000 0.000000 1.000000
0.999624 0.026898 0.005374 0.000000 -0.026973 0.999533 0.014354 13.663900 -0.004985 -0.014493 0.999883 -1.184000 0.000000 0.000000 0.000000 1.000000
0.999679 0.025292 0.001705 -0.000000 -0.025310 0.999608 0.011979 13.663900 -0.001401 -0.012018 0.999927 -1.184000 0.000000 0.000000 0.000000 1.000000
0.999716 0.023750 -0.002038 0.000000 -0.023729 0.999672 0.009592 13.663900 0.002265 -0.009541 0.999952 -1.184000 0.000000 0.000000 0.000000 1.000000
0.999737 0.022274 -0.005461 0.000000 -0.022239 0.999733 0.006308 13.663900 0.005600 -0.006185 0.999965 -1.184000 0.000000 0.000000 0.000000 1.000000
0.999749 0.020889 -0.008101 -0.000000 -0.020871 0.999779 0.002333 13.663900 0.008148 -0.002164 0.999964 -1.184000 0.000000 0.000000 0.000000 1.000000
0.999768 0.019742 -0.008637 -0.000000 -0.019747 0.999805 -0.000545 13.663900 0.008625 0.000716 0.999963 -1.184000 0.000000 0.000000 0.000000 1.000000
0.999788 0.018606 -0.008781 -0.000000 -0.018615 0.999826 -0.000968 13.663900 0.008762 0.001132 0.999961 -1.184000 0.000000 0.000000 0.000000 1.000000
0.999808 0.017583 -0.008705 0.000000 -0.017590 0.999845 -0.000771 13.663900 0.008690 0.000924 0.999962 -1.184000 0.000000 0.000000 0.000000 1.000000
0.999823 0.016820 -0.008387 0.000000 -0.016824 0.999858 -0.000413 13.663900 0.008379 0.000554 0.999965 -1.184000 0.000000 0.000000 0.000000 1.000000
0.999836 0.016602 -0.007170 -0.000000 -0.016602 0.999862 0.000042 13.663900 0.007170 0.000077 0.999974 -1.184000 0.000000 0.000000 0.000000 1.000000
0.999831 0.017351 -0.006155 -0.000000 -0.017348 0.999849 0.000572 13.663900 0.006164 -0.000465 0.999981 -1.184000 0.000000 0.000000 0.000000 1.000000
0.999821 0.018174 -0.005219 -0.000000 -0.018169 0.999834 0.001115 13.663900 0.005239 -0.001020 0.999986 -1.184000 0.000000 0.000000 0.000000 1.000000
0.999811 0.019035 -0.004009 0.000000 -0.019029 0.999818 0.001616 13.663900 0.004039 -0.001539 0.999991 -1.184000 0.000000 0.000000 0.000000 1.000000
0.999806 0.019408 -0.003226 -0.000000 -0.019402 0.999810 0.002037 13.663900 0.003265 -0.001974 0.999993 -1.184000 0.000000 0.000000 0.000000 1.000000
0.999801 0.019749 -0.002681 0.000000 -0.019742 0.999802 0.002452 13.663900 0.002729 -0.002399 0.999993 -1.184000 0.000000 0.000000 0.000000 1.000000
0.999798 0.019954 -0.002226 0.000000 -0.019949 0.999798 0.002385 13.663900 0.002273 -0.002341 0.999995 -1.184000 0.000000 0.000000 0.000000 1.000000
0.999784 0.020643 -0.002541 0.000000 -0.020638 0.999785 0.001884 13.663900 0.002580 -0.001832 0.999995 -1.184000 0.000000 0.000000 0.000000 1.000000
0.999771 0.021150 -0.003327 -0.000000 -0.021145 0.999775 0.001489 13.663900 0.003358 -0.001418 0.999993 -1.184000 0.000000 0.000000 0.000000 1.000000
0.999765 0.021242 -0.004226 -0.000000 -0.021237 0.999774 0.001089 13.663900 0.004249 -0.000999 0.999990 -1.184000 0.000000 0.000000 0.000000 1.000000
0.999758 0.021337 -0.005317 -0.000000 -0.021334 0.999772 0.000789 13.663900 0.005332 -0.000675 0.999986 -1.184000 0.000000 0.000000 0.000000 1.000000
0.999765 0.020779 -0.006129 0.000000 -0.020775 0.999784 0.000708 13.663900 0.006142 -0.000580 0.999981 -1.184000 0.000000 0.000000 0.000000 1.000000</float_array>
        <technique_common>
          <accessor source="#Spine-Matrix-animation-output-transform-array" count="79" stride="16">
            <param type="float4x4"/>
          </accessor>
        </technique_common>
      </source>
      <source id="Spine-Interpolations">
        <Name_array id="Spine-Interpolations-array" count="79">
 LINEAR LINEAR LINEAR LINEAR LINEAR LINEAR LINEAR LINEAR LINEAR LINEAR LINEAR
LINEAR LINEAR LINEAR LINEAR LINEAR LINEAR LINEAR LINEAR LINEAR LINEAR LINEAR LINEAR
LINEAR LINEAR LINEAR LINEAR LINEAR LINEAR LINEAR LINEAR LINEAR LINEAR LINEAR LINEAR
LINEAR LINEAR LINEAR LINEAR LINEAR LINEAR LINEAR LINEAR LINEAR LINEAR LINEAR LINEAR
LINEAR LINEAR LINEAR LINEAR LINEAR LINEAR LINEAR LINEAR LINEAR LINEAR LINEAR LINEAR
LINEAR LINEAR LINEAR LINEAR LINEAR LINEAR LINEAR LINEAR LINEAR LINEAR LINEAR LINEAR
LINEAR LINEAR LINEAR LINEAR LINEAR LINEAR LINEAR LINEAR</Name_array>
        <technique_common>
          <accessor source="#Spine-Interpolations-array" count="79">
            <param type="name"/>
          </accessor>
        </technique_common>
      </source>
      <sampler id="Spine-Matrix-animation-transform">
        <input semantic="INPUT" source="#Spine-Matrix-animation-input"/>
        <input semantic="OUTPUT" source="#Spine-Matrix-animation-output-transform"/>
        <input semantic="INTERPOLATION" source="#Spine-Interpolations"/>
      </sampler>
      <channel source="#Spine-Matrix-animation-transform" target="Spine/matrix"/>
      <source id="Spine1-Matrix-animation-input">
        <float_array id="Spine1-Matrix-animation-input-array" count="79">

0.000000 0.033333 0.066667 0.100000 0.133333 0.166667 0.200000 0.233333 0.266667 0.300000 0.333333 0.366667 0.400000 0.433333 0.466667 0.500000
0.533333 0.566667 0.600000 0.633333 0.666667 0.700000 0.733333 0.766667 0.800000 0.833333 0.866667 0.900000 0.933333 0.966667 1.000000 1.033333
1.066667 1.100000 1.133333 1.166667 1.200000 1.233333 1.266667 1.300000 1.333333 1.366667 1.400000 1.433333 1.466667 1.500000 1.533333 1.566667
1.600000 1.633333 1.666667 1.700000 1.733333 1.766667 1.800000 1.833333 1.866667 1.900000 1.933333 1.966667 2.000000 2.033333 2.066667 2.100000
2.133333 2.166667 2.200000 2.233333 2.266667 2.300000 2.333333 2.366667 2.400000 2.433333 2.466667 2.500000 2.533333 2.566667 2.600000</float_array>
        <technique_common>
          <accessor source="#Spine1-Matrix-animation-input-array" count="79">
            <param name="TIME" type="float"/>
          </accessor>
        </technique_common>
      </source>
      <source id="Spine1-Matrix-animation-output-transform">
        <float_array id="Spine1-Matrix-animation-output-transform-array" count="1264">

0.998870 -0.040556 0.024793 -0.000000 0.041082 0.998933 -0.021096 15.941200 -0.023911 0.022091 0.999470 -1.381300 0.000000 0.000000 0.000000 1.000000
0.999065 -0.037080 0.022223 0.000000 0.037778 0.998777 -0.031884 15.941200 -0.021013 0.032693 0.999245 -1.381300 0.000000 0.000000 0.000000 1.000000
0.999454 -0.029257 0.015324 0.000000 0.030110 0.997818 -0.058751 15.941200 -0.013572 0.059181 0.998155 -1.381300 0.000000 0.000000 0.000000 1.000000
0.999765 -0.020999 0.005316 0.000000 0.021404 0.995395 -0.093440 15.941200 -0.003329 0.093531 0.995611 -1.381300 0.000000 0.000000 0.000000 1.000000
0.999847 -0.016220 -0.006573 0.000000 0.015247 0.991679 -0.127829 15.941200 0.008592 0.127709 0.991774 -1.381300 0.000000 0.000000 0.000000 1.000000
0.999640 -0.018832 -0.019113 0.000000 0.015665 0.987928 -0.154119 15.941200 0.021784 0.153764 0.987867 -1.381300 0.000000 0.000000 0.000000 1.000000
0.998981 -0.032744 -0.031065 -0.000000 0.027189 0.985939 -0.164881 15.941200 0.036027 0.163868 0.985824 -1.381300 0.000000 0.000000 0.000000 1.000000
0.996665 -0.072461 -0.037524 0.000000 0.066663 0.988228 -0.137699 15.941200 0.047060 0.134738 0.989763 -1.381300 0.000000 0.000000 0.000000 1.000000
0.994789 -0.097992 -0.028151 0.000000 0.094882 0.990836 -0.096130 15.941200 0.037313 0.092958 0.994971 -1.381300 0.000000 0.000000 0.000000 1.000000
0.992881 -0.118102 -0.015442 -0.000000 0.117161 0.991758 -0.051867 15.941200 0.021441 0.049689 0.998535 -1.381300 0.000000 0.000000 0.000000 1.000000
0.992150 -0.125046 -0.001522 0.000000 0.125034 0.992129 -0.006768 15.941200 0.002357 0.006524 0.999976 -1.381300 0.000000 0.000000 0.000000 1.000000
0.994814 -0.101166 0.010517 -0.000000 0.100761 0.994338 0.033766 15.941200 -0.013874 -0.032531 0.999374 -1.381300 0.000000 0.000000 0.000000 1.000000
0.998408 -0.052655 0.020200 0.000000 0.050978 0.995797 0.076088 15.941200 -0.024122 -0.074937 0.996896 -1.381300 0.000000 0.000000 0.000000 1.000000
0.999525 -0.009435 0.029338 -0.000000 0.006414 0.994823 0.101425 15.941200 -0.030143 -0.101189 0.994410 -1.381300 0.000000 0.000000 0.000000 1.000000
0.998938 0.027911 0.036656 0.000000 -0.031848 0.993239 0.111634 15.941200 -0.033292 -0.112683 0.993073 -1.381300 0.000000 0.000000 0.000000 1.000000
0.997919 0.051536 0.038743 -0.000000 -0.055617 0.992044 0.112941 15.941200 -0.032614 -0.114861 0.992846 -1.381300 0.000000 0.000000 0.000000 1.000000
0.997502 0.060897 0.035804 -0.000000 -0.064261 0.992725 0.101822 15.941200 -0.029343 -0.103869 0.994158 -1.381300 0.000000 0.000000 0.000000 1.000000
0.997756 0.058188 0.033132 -0.000000 -0.060804 0.994578 0.084362 15.941200 -0.028044 -0.086188 0.995884 -1.381300 0.000000 0.000000 0.000000 1.000000
0.998448 0.046340 0.030893 -0.000000 -0.048495 0.996143 0.073127 15.941200 -0.027385 -0.074512 0.996844 -1.381300 0.000000 0.000000 0.000000 1.000000
0.999292 0.023624 0.029280 0.000000 -0.025214 0.998158 0.055178 15.941200 -0.027922 -0.055877 0.998047 -1.381300 0.000000 0.000000 0.000000 1.000000
0.999590 -0.008498 0.027355 -0.000000 0.007716 0.999563 0.028542 15.941200 -0.027585 -0.028319 0.999218 -1.381300 0.000000 0.000000 0.000000 1.000000
0.998876 -0.039640 0.025974 0.000000 0.039751 0.999202 -0.003789 15.941200 -0.025804 0.004817 0.999655 -1.381300 0.000000 0.000000 0.000000 1.000000
0.997536 -0.064584 0.027399 -0.000000 0.065425 0.997376 -0.031000 15.941200 -0.025325 0.032716 0.999144 -1.381300 0.000000 0.000000 0.000000 1.000000
0.995800 -0.086047 0.031289 -0.000000 0.087739 0.994486 -0.057450 15.941200 -0.026173 0.059954 0.997858 -1.381300 0.000000 0.000000 0.000000 1.000000
0.993389 -0.107193 0.041077 0.000000 0.110635 0.989449 -0.093540 15.941200 -0.030617 0.097466 0.994768 -1.381300 0.000000 0.000000 0.000000 1.000000
0.991238 -0.128741 0.029559 0.000000 0.131601 0.981760 -0.137218 15.941200 -0.011354 0.139906 0.990100 -1.381300 0.000000 0.000000 0.000000 1.000000
0.989230 -0.145903 0.011688 0.000000 0.145362 0.969919 -0.195263 15.941200 0.017154 0.194859 0.980681 -1.381300 0.000000 0.000000 0.000000 1.000000
0.988974 -0.148016 -0.004685 0.000000 0.142104 0.957425 -0.251286 15.941200 0.041679 0.247849 0.967902 -1.381300 0.000000 0.000000 0.000000 1.000000
0.989536 -0.142951 -0.019580 0.000000 0.135131 0.965747 -0.221523 15.941200 0.050576 0.216559 0.974959 -1.381300 0.000000 0.000000 0.000000 1.000000
0.990520 -0.133772 -0.031235 0.000000 0.126944 0.978257 -0.164010 15.941200 0.052496 0.158490 0.985964 -1.381300 0.000000 0.000000 0.000000 1.000000
0.992126 -0.119233 -0.038331 0.000000 0.113133 0.984485 -0.134126 15.941200 0.053728 0.128733 0.990223 -1.381300 0.000000 0.000000 0.000000 1.000000
0.994579 -0.100491 -0.026732 0.000000 0.095970 0.986034 -0.136113 15.941200 0.040037 0.132810 0.990333 -1.381300 0.000000 0.000000 0.000000 1.000000
0.996832 -0.079532 -0.000306 0.000000 0.078394 0.983203 -0.164822 15.941200 0.013409 0.164275 0.986323 -1.381300 0.000000 0.000000 0.000000 1.000000
0.997160 -0.070578 0.026291 0.000000 0.074337 0.978394 -0.192924 15.941200 -0.012106 0.194330 0.980861 -1.381300 0.000000 0.000000 0.000000 1.000000
0.995247 -0.089312 0.038818 0.000000 0.095485 0.973285 -0.208806 15.941200 -0.019132 0.211520 0.977186 -1.381300 0.000000 0.000000 0.000000 1.000000
0.995704 -0.091227 0.015870 0.000000 0.092451 0.969795 -0.225721 15.941200 0.005202 0.226218 0.974063 -1.381300 0.000000 0.000000 0.000000 1.000000
0.996787 -0.077863 -0.018767 0.000000 0.071555 0.971010 -0.228077 15.941200 0.035981 0.226002 0.973462 -1.381300 0.000000 0.000000 0.000000 1.000000
0.997651 -0.057864 -0.036652 0.000000 0.048219 0.973353 -0.224183 15.941200 0.048647 0.221889 0.973858 -1.381300 0.000000 0.000000 0.000000 1.000000
0.998197 -0.036279 -0.047821 0.000000 0.024926 0.975276 -0.219579 15.941200 0.054605 0.217991 0.974422 -1.381300 0.000000 0.000000 0.000000 1.000000
0.998186 -0.017037 -0.057748 0.000000 0.004552 0.977737 -0.209784 15.941200 0.060036 0.209140 0.976041 -1.381300 0.000000 0.000000 0.000000 1.000000
0.998128 -0.010810 -0.060196 0.000000 -0.001256 0.980425 -0.196891 15.941200 0.061146 0.196598 0.978576 -1.381300 0.000000 0.000000 0.000000 1.000000
0.998188 -0.006638 -0.059813 0.000000 -0.004420 0.983129 -0.182862 15.941200 0.060018 0.182795 0.981317 -1.381300 0.000000 0.000000 0.000000 1.000000
0.998297 -0.003722 -0.058209 0.000000 -0.006011 0.986084 -0.166142 15.941200 0.058017 0.166209 0.984382 -1.381300 0.000000 0.000000 0.000000 1.000000
0.998425 -0.001129 -0.056095 0.000000 -0.007489 0.988169 -0.153183 15.941200 0.055604 0.153362 0.986604 -1.381300 0.000000 0.000000 0.000000 1.000000
0.998516 0.001977 -0.054424 0.000000 -0.008876 0.991886 -0.126819 15.941200 0.053732 0.127114 0.990432 -1.381300 0.000000 0.000000 0.000000 1.000000
0.998666 0.007113 -0.051147 0.000000 -0.011930 0.995453 -0.094499 15.941200 0.050243 0.094983 0.994210 -1.381300 0.000000 0.000000 0.000000 1.000000
0.999160 0.011938 -0.039202 0.000000 -0.014305 0.998056 -0.060663 15.941200 0.038401 0.061173 0.997388 -1.381300 0.000000 0.000000 0.000000 1.000000
0.999632 0.012203 -0.024244 0.000000 -0.012917 0.999480 -0.029545 15.941200 0.023870 0.029847 0.999269 -1.381300 0.000000 0.000000 0.000000 1.000000
0.999914 0.005953 -0.011700 0.000000 -0.006006 0.999972 -0.004485 15.941200 0.011673 0.004555 0.999921 -1.381300 0.000000 0.000000 0.000000 1.000000
0.999988 -0.003047 -0.003829 0.000000 0.003107 0.999870 0.015802 15.941200 0.003780 -0.015814 0.999868 -1.381300 0.000000 0.000000 0.000000 1.000000
0.999910 -0.013275 0.001731 0.000000 0.013214 0.999425 0.031233 15.941200 -0.002144 -0.031207 0.999511 -1.381300 0.000000 0.000000 0.000000 1.000000
0.999625 -0.026700 0.006124 0.000000 0.026450 0.998935 0.037796 15.941200 -0.007126 -0.037619 0.999267 -1.381300 0.000000 0.000000 0.000000 1.000000
0.999211 -0.038510 0.009689 -0.000000 0.038042 0.998279 0.044639 15.941200 -0.011391 -0.044235 0.998956 -1.381300 0.000000 0.000000 0.000000 1.000000
0.999032 -0.042417 0.011676 0.000000 0.041781 0.997864 0.050212 15.941200 -0.013781 -0.049675 0.998670 -1.381300 0.000000 0.000000 0.000000 1.000000
0.999311 -0.035237 0.011668 0.000000 0.034606 0.998124 0.050514 15.941200 -0.013426 -0.050075 0.998655 -1.381300 0.000000 0.000000 0.000000 1.000000
0.999789 -0.018059 0.009770 0.000000 0.017592 0.998786 0.046014 15.941200 -0.010589 -0.045832 0.998893 -1.381300 0.000000 0.000000 0.000000 1.000000
0.999971 -0.002430 0.007194 -0.000000 0.002145 0.999222 0.039382 15.941200 -0.007284 -0.039366 0.999198 -1.381300 0.000000 0.000000 0.000000 1.000000
0.999942 0.010010 0.003977 -0.000000 -0.010133 0.999433 0.032106 15.941200 -0.003653 -0.032145 0.999477 -1.381300 0.000000 0.000000 0.000000 1.000000
0.999929 0.011919 0.000351 0.000000 -0.011924 0.999594 0.025880 15.941200 -0.000042 -0.025883 0.999665 -1.381300 0.000000 0.000000 0.000000 1.000000
0.999945 0.009721 -0.003867 -0.000000 -0.009645 0.999769 0.019184 15.941200 0.004052 -0.019146 0.999808 -1.381300 0.000000 0.000000 0.000000 1.000000
