<?xml version="1.0" encoding="utf-8"?>
<COLLADA xmlns="http://www.collada.org/2005/11/COLLADASchema" version="1.4.1">
  <asset>
    <contributor>
      <author>Mixamo</author>
      <authoring_tool>COLLADA Mixamo exporter</authoring_tool>
      <comments/>
    </contributor>
    <created>2021-07-15T16:27:31Z</created>
    <modified>2021-07-15T16:27:31Z</modified>
    <revision/>
    <title/>
    <unit meter="0.010000"/>
    <up_axis>Y_UP</up_axis>
  </asset>
  <library_animations>
    <animation>
      <source id="Hips-Matrix-animation-input">
        <float_array id="Hips-Matrix-animation-input-array" count="110">

0.000000 0.033333 0.066667 0.100000 0.133333 0.166667 0.200000 0.233333 0.266667 0.300000 0.333333 0.366667 0.400000 0.433333 0.466667 0.500000
0.533333 0.566667 0.600000 0.633333 0.666667 0.700000 0.733333 0.766667 0.800000 0.833333 0.866667 0.900000 0.933333 0.966667 1.000000 1.033333
1.066667 1.100000 1.133333 1.166667 1.200000 1.233333 1.266667 1.300000 1.333333 1.366667 1.400000 1.433333 1.466667 1.500000 1.533333 1.566667
1.600000 1.633333 1.666667 1.700000 1.733333 1.766667 1.800000 1.833333 1.866667 1.900000 1.933333 1.966667 2.000000 2.033333 2.066667 2.100000
2.133333 2.166667 2.200000 2.233333 2.266667 2.300000 2.333333 2.366667 2.400000 2.433333 2.466667 2.500000 2.533333 2.566667 2.600000 2.633333
2.666667 2.700000 2.733333 2.766667 2.800000 2.833333 2.866667 2.900000 2.933333 2.966667 3.000000 3.033333 3.066667 3.100000 3.133333 3.166667
3.200000 3.233333 3.266667 3.300000 3.333333 3.366667 3.400000 3.433333 3.466667 3.500000 3.533333 3.566667 3.600000 3.633333</float_array>
        <technique_common>
          <accessor source="#Hips-Matrix-animation-input-array" count="110">
            <param name="TIME" type="float"/>
          </accessor>
        </technique_common>
      </source>
      <source id="Hips-Matrix-animation-output-transform">
        <float_array id="Hips-Matrix-animation-output-transform-array" count="1760">

0.522623 -0.060349 -0.850426 0.238922 0.070094 0.997156 -0.027686 95.295776 0.849678 -0.045140 0.525366 -0.014822 0.000000 0.000000 0.000000 1.000000
0.520111 -0.058559 -0.852089 -0.096598 0.064695 0.997482 -0.029062 95.216209 0.851645 -0.040011 0.522590 -0.321475 0.000000 0.000000 0.000000 1.000000
0.517925 0.003519 -0.855419 -2.048882 0.038997 0.998855 0.027720 95.688904 0.854537 -0.047716 0.517194 0.389381 0.000000 0.000000 0.000000 1.000000
0.533365 0.124898 -0.836614 -4.641790 0.022337 0.986615 0.161532 96.456619 0.845590 -0.104842 0.523436 1.968333 0.000000 0.000000 0.000000 1.000000
0.523499 0.133488 -0.841504 -5.217531 0.034856 0.983469 0.177692 97.327927 0.851313 -0.122353 0.510192 3.530188 0.000000 0.000000 0.000000 1.000000
0.535572 0.111198 -0.837136 -4.197825 0.070703 0.981908 0.175662 98.176262 0.841525 -0.153268 0.518021 4.643204 0.000000 0.000000 0.000000 1.000000
0.609762 0.083450 -0.788179 -2.932937 0.088665 0.981018 0.172462 98.948669 0.787609 -0.175045 0.590788 5.336289 0.000000 0.000000 0.000000 1.000000
0.688299 0.059608 -0.722974 -1.937876 0.101220 0.978978 0.177081 99.470932 0.718330 -0.195064 0.667796 5.773623 0.000000 0.000000 0.000000 1.000000
0.743256 0.034782 -0.668102 -1.415892 0.111032 0.978385 0.174457 99.785904 0.659729 -0.203847 0.723329 6.133601 0.000000 0.000000 0.000000 1.000000
0.782294 0.024437 -0.622429 -1.248876 0.119400 0.974819 0.188340 99.937988 0.611358 -0.221655 0.759677 6.330426 0.000000 0.000000 0.000000 1.000000
0.809198 0.017187 -0.587285 -1.231709 0.125298 0.971529 0.201075 100.005653 0.574020 -0.236295 0.784006 6.456943 0.000000 0.000000 0.000000 1.000000
0.824645 0.016346 -0.565414 -1.364139 0.120190 0.971693 0.203387 100.060242 0.552733 -0.235680 0.799338 6.602185 0.000000 0.000000 0.000000 1.000000
0.832939 0.013976 -0.553188 -1.548659 0.117273 0.972516 0.201148 100.099762 0.540795 -0.232418 0.808407 6.710057 0.000000 0.000000 0.000000 1.000000
0.839363 0.010953 -0.543460 -1.783417 0.117069 0.972692 0.200413 100.119331 0.530814 -0.231842 0.815160 6.764132 0.000000 0.000000 0.000000 1.000000
0.847530 0.008083 -0.530686 -2.115888 0.116542 0.972647 0.200937 100.127663 0.517795 -0.232147 0.823405 6.786318 0.000000 0.000000 0.000000 1.000000
0.860878 0.007209 -0.508761 -2.570528 0.115121 0.971210 0.208560 100.115784 0.495618 -0.238114 0.835263 6.752132 0.000000 0.000000 0.000000 1.000000
0.878991 0.003567 -0.476824 -3.106423 0.113087 0.969884 0.215723 100.094063 0.463234 -0.243541 0.852116 6.697803 0.000000 0.000000 0.000000 1.000000
0.892657 0.001991 -0.450733 -3.543273 0.109185 0.969252 0.220518 100.067955 0.437313 -0.246060 0.864992 6.642764 0.000000 0.000000 0.000000 1.000000
0.899078 0.005001 -0.437760 -3.767458 0.106801 0.967218 0.230398 100.022949 0.424561 -0.253899 0.869070 6.540700 0.000000 0.000000 0.000000 1.000000
0.900108 0.004573 -0.435644 -3.873877 0.107894 0.966456 0.233071 99.977798 0.422096 -0.256792 0.869421 6.453758 0.000000 0.000000 0.000000 1.000000
0.899190 0.006125 -0.437515 -3.883498 0.107947 0.965891 0.235375 99.925102 0.424034 -0.258876 0.867859 6.358723 0.000000 0.000000 0.000000 1.000000
0.902356 0.003658 -0.430977 -3.850403 0.110243 0.964739 0.239009 99.861801 0.416654 -0.263184 0.870134 6.239632 0.000000 0.000000 0.000000 1.000000
0.912826 0.000734 -0.408347 -3.955146 0.107955 0.963986 0.243056 99.788223 0.393819 -0.265951 0.879873 6.121803 0.000000 0.000000 0.000000 1.000000
0.925955 -0.001327 -0.377632 -4.108255 0.103008 0.962960 0.249194 99.665810 0.363313 -0.269641 0.891794 5.991370 0.000000 0.000000 0.000000 1.000000
0.939161 -0.002602 -0.343468 -4.326826 0.096488 0.961704 0.256546 99.565216 0.329647 -0.274079 0.903446 5.853097 0.000000 0.000000 0.000000 1.000000
0.952241 -0.002329 -0.305337 -4.628233 0.085662 0.961852 0.259814 99.432129 0.293084 -0.273561 0.916115 5.743019 0.000000 0.000000 0.000000 1.000000
0.963909 -0.001094 -0.266231 -5.029027 0.073965 0.961726 0.263842 99.321060 0.255752 -0.274012 0.927097 5.566378 0.000000 0.000000 0.000000 1.000000
0.972905 -0.003952 -0.231170 -5.385351 0.067581 0.961048 0.267991 99.268517 0.221106 -0.276353 0.935276 5.435293 0.000000 0.000000 0.000000 1.000000
0.982053 -0.001852 -0.188598 -5.836402 0.054182 0.960572 0.272701 99.112808 0.180657 -0.278026 0.943432 5.160947 0.000000 0.000000 0.000000 1.000000
0.989110 -0.004400 -0.147112 -6.258974 0.044665 0.961388 0.271549 98.924454 0.140237 -0.275163 0.951115 4.837972 0.000000 0.000000 0.000000 1.000000
0.994348 -0.008314 -0.105841 -6.631404 0.037173 0.961086 0.273735 98.680313 0.099447 -0.276122 0.955964 4.496155 0.000000 0.000000 0.000000 1.000000
0.997925 -0.009394 -0.063693 -6.959392 0.026611 0.961021 0.275190 98.405418 0.058625 -0.276314 0.959278 4.134722 0.000000 0.000000 0.000000 1.000000
0.999734 -0.009196 -0.021171 -7.263092 0.014672 0.961237 0.275333 98.123535 0.017819 -0.275570 0.961116 3.733030 0.000000 0.000000 0.000000 1.000000
0.999647 -0.010129 0.024576 -7.521498 0.003009 0.961733 0.273972 97.828903 -0.026410 -0.273802 0.961424 3.263067 0.000000 0.000000 0.000000 1.000000
0.997386 -0.007942 0.071813 -7.745391 -0.011754 0.962863 0.269734 97.504730 -0.071288 -0.269873 0.960253 2.677275 0.000000 0.000000 0.000000 1.000000
0.993007 -0.004957 0.117948 -7.863343 -0.026591 0.964051 0.264382 97.194878 -0.115019 -0.265670 0.957178 1.613402 0.000000 0.000000 0.000000 1.000000
0.987735 -0.002004 0.156127 -7.907933 -0.038800 0.965403 0.257860 96.909355 -0.151243 -0.260755 0.953484 0.541518 0.000000 0.000000 0.000000 1.000000
0.982586 -0.000846 0.185807 -7.875319 -0.046890 0.966495 0.252365 96.605362 -0.179795 -0.256683 0.949625 -0.544741 0.000000 0.000000 0.000000 1.000000
0.977774 -0.000440 0.209660 -7.793253 -0.053204 0.966743 0.250154 96.296944 -0.202798 -0.255749 0.945233 -1.669718 0.000000 0.000000 0.000000 1.000000
0.973218 -0.000434 0.229883 -7.628878 -0.057960 0.967229 0.247202 95.956619 -0.222456 -0.253906 0.941300 -2.816419 0.000000 0.000000 0.000000 1.000000
0.968237 -0.001457 0.250029 -7.439411 -0.062386 0.966947 0.247227 95.604095 -0.242125 -0.254973 0.936143 -4.015760 0.000000 0.000000 0.000000 1.000000
0.962488 -0.000959 0.271324 -7.243487 -0.070411 0.964852 0.253184 95.194344 -0.262031 -0.262791 0.928591 -5.301978 0.000000 0.000000 0.000000 1.000000
0.956876 -0.000130 0.290498 -6.966413 -0.079273 0.961929 0.261548 94.682983 -0.279473 -0.273298 0.920437 -6.658643 0.000000 0.000000 0.000000 1.000000
0.950558 -0.002430 0.310538 -6.641984 -0.086446 0.958375 0.272112 94.041466 -0.298273 -0.285503 0.910781 -8.090618 0.000000 0.000000 0.000000 1.000000
0.943490 -0.008478 0.331293 -6.314143 -0.090778 0.954826 0.282960 93.289772 -0.318726 -0.297044 0.900099 -9.591375 0.000000 0.000000 0.000000 1.000000
0.937997 -0.024327 0.345789 -5.891525 -0.082953 0.952798 0.292054 92.356789 -0.336571 -0.302630 0.891703 -11.126143 0.000000 0.000000 0.000000 1.000000
0.935376 -0.031216 0.352274 -5.701304 -0.083418 0.948516 0.305547 91.126038 -0.343675 -0.315188 0.884615 -12.797705 0.000000 0.000000 0.000000 1.000000
0.933321 -0.035191 0.357313 -5.380125 -0.080830 0.949044 0.304601 89.757568 -0.349826 -0.313172 0.882919 -14.487459 0.000000 0.000000 0.000000 1.000000
0.935118 -0.040811 0.351977 -5.177976 -0.076689 0.946490 0.313488 88.247650 -0.345937 -0.320141 0.881951 -16.341391 0.000000 0.000000 0.000000 1.000000
0.934340 -0.046772 0.353302 -4.945619 -0.073020 0.945194 0.318239 86.468094 -0.348823 -0.323141 0.879717 -18.271183 0.000000 0.000000 0.000000 1.000000
0.927467 -0.048979 0.370683 -4.724780 -0.076806 0.945285 0.317075 84.488464 -0.365931 -0.322547 0.872959 -20.305069 0.000000 0.000000 0.000000 1.000000
0.913192 -0.044036 0.405142 -4.496640 -0.093437 0.945038 0.313326 82.304558 -0.396673 -0.323982 0.858887 -22.477728 0.000000 0.000000 0.000000 1.000000
0.895561 -0.031853 0.443797 -4.314118 -0.118817 0.944092 0.307527 79.804329 -0.428781 -0.328140 0.841707 -24.755787 0.000000 0.000000 0.000000 1.000000
0.876857 -0.021939 0.480250 -4.017026 -0.143670 0.941349 0.305320 76.815460 -0.458782 -0.336719 0.822277 -27.708185 0.000000 0.000000 0.000000 1.000000
0.851614 -0.017076 0.523890 -3.584329 -0.172689 0.934531 0.311177 73.539131 -0.494905 -0.355473 0.792911 -31.258305 0.000000 0.000000 0.000000 1.000000
0.820704 -0.005296 0.571329 -3.247040 -0.213826 0.924443 0.315726 69.931854 -0.529833 -0.381282 0.757562 -34.904045 0.000000 0.000000 0.000000 1.000000
0.781060 0.008233 0.624402 -2.895468 -0.260527 0.913029 0.313852 65.840355 -0.567513 -0.407811 0.715275 -38.519833 0.000000 0.000000 0.000000 1.000000
0.737179 0.017942 0.675459 -2.578324 -0.306986 0.899415 0.311147 61.041573 -0.601935 -0.436727 0.668538 -42.230934 0.000000 0.000000 0.000000 1.000000
0.702009 0.026003 0.711693 -2.326632 -0.343362 0.887871 0.306250 55.691326 -0.623928 -0.459358 0.632222 -46.070919 0.000000 0.000000 0.000000 1.000000
0.678574 0.033226 0.733780 -2.097685 -0.378935 0.871615 0.310958 49.847649 -0.629243 -0.489063 0.604046 -50.079109 0.000000 0.000000 0.000000 1.000000
0.664058 0.045939 0.746268 -1.712022 -0.423416 0.845744 0.324709 43.085968 -0.616235 -0.531608 0.581074 -54.135319 0.000000 0.000000 0.000000 1.000000
0.652993 0.064833 0.754584 -1.268376 -0.475048 0.811030 0.341409 35.625454 -0.589855 -0.581401 0.560396 -58.184414 0.000000 0.000000 0.000000 1.000000
0.653689 0.082560 0.752246 -0.746307 -0.526665 0.763442 0.373874 27.648064 -0.543429 -0.640579 0.542535 -62.475414 0.000000 0.000000 0.000000 1.000000
0.682104 0.108045 0.723229 -0.344642 -0.589020 0.667283 0.455839 19.457249 -0.433347 -0.736926 0.518797 -66.659088 0.000000 0.000000 0.000000 1.000000
0.775511 0.100631 0.623262 -0.602018 -0.580911 0.500338 0.642031 14.169056 -0.247234 -0.859963 0.446475 -69.720039 0.000000 0.000000 0.000000 1.000000
0.837412 0.150785 0.525362 -1.689777 -0.543061 0.338311 0.768525 13.286821 -0.061853 -0.928875 0.365191 -72.090942 0.000000 0.000000 0.000000 1.000000
0.809622 0.215475 0.545970 -2.524125 -0.582513 0.180786 0.792461 14.950134 0.072052 -0.959628 0.271886 -74.145752 0.000000 0.000000 0.000000 1.000000
0.791291 0.205243 0.575963 -2.444441 -0.595816 0.047247 0.801730 17.337952 0.137337 -0.977570 0.159673 -77.313713 0.000000 0.000000 0.000000 1.000000
0.790928 0.179353 0.585035 -2.515193 -0.582835 -0.070402 0.809535 19.273117 0.186380 -0.981263 0.048850 -81.097618 0.000000 0.000000 0.000000 1.000000
0.796562 0.200205 0.570445 -3.592583 -0.545091 -0.170249 0.820909 20.856583 0.261468 -0.964849 -0.026484 -84.127190 0.000000 0.000000 0.000000 1.000000
0.803786 0.236191 0.546024 -4.413706 -0.495909 -0.241001 0.834262 22.104727 0.328637 -0.941346 -0.076584 -86.746994 0.000000 0.000000 0.000000 1.000000
0.812290 0.262402 0.520894 -4.899904 -0.455124 -0.273354 0.847431 23.427942 0.364756 -0.925431 -0.102617 -89.270782 0.000000 0.000000 0.000000 1.000000
0.819598 0.265120 0.507909 -5.500502 -0.428528 -0.304757 0.850580 24.464428 0.380294 -0.914787 -0.136167 -91.580292 0.000000 0.000000 0.000000 1.000000
0.828058 0.256820 0.498361 -6.356041 -0.409087 -0.331052 0.850325 25.204441 0.383364 -0.907991 -0.169069 -93.475845 0.000000 0.000000 0.000000 1.000000
0.836451 0.261568 0.481594 -7.382328 -0.384268 -0.346632 0.855678 25.601503 0.390753 -0.900793 -0.189428 -94.970871 0.000000 0.000000 0.000000 1.000000
0.841470 0.277741 0.463452 -8.445805 -0.353781 -0.365083 0.861135 25.684351 0.408371 -0.888580 -0.208947 -96.111794 0.000000 0.000000 0.000000 1.000000
0.848787 0.290836 0.441559 -9.370199 -0.319581 -0.383114 0.866655 25.535713 0.421222 -0.876720 -0.232237 -96.857666 0.000000 0.000000 0.000000 1.000000
0.864805 0.301229 0.401714 -10.187494 -0.271113 -0.393267 0.878544 25.144680 0.422624 -0.868678 -0.258432 -97.166000 0.000000 0.000000 0.000000 1.000000
0.881652 0.317562 0.349062 -10.978424 -0.216551 -0.384950 0.897173 24.494938 0.419279 -0.866584 -0.270624 -97.116829 0.000000 0.000000 0.000000 1.000000
0.894569 0.336822 0.293763 -11.700109 -0.168154 -0.355340 0.919488 23.508211 0.414090 -0.871943 -0.261239 -96.882401 0.000000 0.000000 0.000000 1.000000
0.904960 0.348755 0.243759 -12.329737 -0.131553 -0.315484 0.939768 22.286333 0.404651 -0.882519 -0.239621 -96.564056 0.000000 0.000000 0.000000 1.000000
0.913064 0.354083 0.202333 -12.817503 -0.104500 -0.276433 0.955335 21.089506 0.394199 -0.893426 -0.215400 -96.210503 0.000000 0.000000 0.000000 1.000000
0.918306 0.356892 0.171296 -13.248672 -0.087514 -0.238982 0.967072 19.968208 0.386077 -0.903059 -0.188226 -95.738152 0.000000 0.000000 0.000000 1.000000
0.921728 0.359542 0.145419 -13.678495 -0.076630 -0.198725 0.977055 18.927286 0.380190 -0.911723 -0.155619 -95.195251 0.000000 0.000000 0.000000 1.000000
0.926268 0.357141 0.120323 -14.076039 -0.071286 -0.147472 0.986494 17.825451 0.370061 -0.922335 -0.111140 -94.574097 0.000000 0.000000 0.000000 1.000000
0.931809 0.352039 0.088320 -14.398182 -0.065430 -0.076424 0.994926 16.590496 0.357003 -0.932860 -0.048179 -93.810173 0.000000 0.000000 0.000000 1.000000
0.935326 0.350296 0.049581 -14.748416 -0.053952 0.002723 0.998540 15.494228 0.349650 -0.936635 0.021446 -92.902031 0.000000 0.000000 0.000000 1.000000
0.938387 0.345532 0.006094 -15.118632 -0.037767 0.085006 0.995664 14.429231 0.343516 -0.934549 0.092818 -92.220200 0.000000 0.000000 0.000000 1.000000
0.940201 0.337579 -0.045410 -15.349424 -0.007713 0.154383 0.987981 13.821772 0.340532 -0.928551 0.147755 -91.651649 0.000000 0.000000 0.000000 1.000000
0.934050 0.344072 -0.095732 -15.646400 0.033008 0.183736 0.982421 13.450876 0.355613 -0.920791 0.160262 -91.014053 0.000000 0.000000 0.000000 1.000000
0.925069 0.363669 -0.109507 -16.261003 0.053647 0.160319 0.985606 13.629095 0.375991 -0.917629 0.128797 -90.261841 0.000000 0.000000 0.000000 1.000000
0.929071 0.361630 -0.077779 -16.689415 0.034185 0.125430 0.991513 14.144690 0.368317 -0.923846 0.104171 -89.930771 0.000000 0.000000 0.000000 1.000000
0.932893 0.355618 -0.056977 -16.835796 0.020265 0.106118 0.994147 14.238012 0.359583 -0.928587 0.091790 -89.900566 0.000000 0.000000 0.000000 1.000000
0.932570 0.357149 -0.052507 -16.870680 0.018473 0.098046 0.995010 13.980453 0.360515 -0.928887 0.084838 -89.979103 0.000000 0.000000 0.000000 1.000000
0.932336 0.357477 -0.054405 -16.806601 0.022248 0.093461 0.995374 13.615585 0.360908 -0.929234 0.079183 -90.208969 0.000000 0.000000 0.000000 1.000000
0.933704 0.354340 -0.051381 -16.458755 0.021433 0.087932 0.995896 13.289677 0.357404 -0.930973 0.074507 -90.761681 0.000000 0.000000 0.000000 1.000000
0.934496 0.352270 -0.051217 -15.997766 0.020379 0.090700 0.995670 12.897757 0.355390 -0.931493 0.077580 -91.298531 0.000000 0.000000 0.000000 1.000000
0.934549 0.351176 -0.057397 -15.765535 0.024771 0.096704 0.995005 12.522358 0.354972 -0.931302 0.081676 -91.498039 0.000000 0.000000 0.000000 1.000000
0.934019 0.353087 -0.054199 -15.774553 0.024849 0.087135 0.995887 12.431412 0.356357 -0.931524 0.072612 -91.461975 0.000000 0.000000 0.000000 1.000000
0.934105 0.355484 -0.032832 -15.740303 0.009364 0.067536 0.997673 12.514256 0.356874 -0.932239 0.059757 -91.550385 0.000000 0.000000 0.000000 1.000000
0.934339 0.356001 -0.016571 -15.697666 -0.002879 0.054038 0.998535 12.571470 0.356375 -0.932922 0.051515 -91.553040 0.000000 0.000000 0.000000 1.000000
0.934067 0.356474 -0.021081 -15.670956 -0.000804 0.061134 0.998129 12.430671 0.357096 -0.932303 0.057390 -91.542625 0.000000 0.000000 0.000000 1.000000
0.933757 0.356548 -0.031177 -15.723905 0.006239 0.070880 0.997465 12.312127 0.357854 -0.931585 0.063960 -91.451538 0.000000 0.000000 0.000000 1.000000
0.933956 0.355115 -0.040234 -15.786477 0.013075 0.078553 0.996824 12.234079 0.357148 -0.931516 0.068722 -91.330833 0.000000 0.000000 0.000000 1.000000
0.934255 0.352929 -0.051078 -15.844137 0.020542 0.089732 0.995754 12.129210 0.356014 -0.931337 0.076582 -91.234245 0.000000 0.000000 0.000000 1.000000
0.933744 0.353860 -0.053902 -15.921232 0.022793 0.091503 0.995544 12.137712 0.357216 -0.930811 0.077375 -91.158859 0.000000 0.000000 0.000000 1.000000
0.932939 0.356866 -0.047660 -15.980221 0.018987 0.083426 0.996333 12.186649 0.359533 -0.930423 0.071055 -91.151817 0.000000 0.000000 0.000000 1.000000
0.932840 0.357303 -0.046313 -15.992392 0.018792 0.080117 0.996608 12.179438 0.359801 -0.930546 0.068022 -91.172455 0.000000 0.000000 0.000000 1.000000
0.932470 0.357987 -0.048430 -15.996977 0.021536 0.078736 0.996663 12.140676 0.360605 -0.930401 0.065709 -91.212746 0.000000 0.000000 0.000000 1.000000
0.932370 0.357972 -0.050418 -16.003834 0.023967 0.077951 0.996669 12.115044 0.360710 -0.930473 0.064100 -91.253128 0.000000 0.000000 0.000000 1.000000</float_array>
        <technique_common>
          <accessor source="#Hips-Matrix-animation-output-transform-array" count="110" stride="16">
            <param type="float4x4"/>
          </accessor>
        </technique_common>
      </source>
      <source id="Hips-Interpolations">
        <Name_array id="Hips-Interpolations-array" count="110">
 LINEAR LINEAR LINEAR LINEAR LINEAR LINEAR LINEAR LINEAR LINEAR LINEAR LINEAR
LINEAR LINEAR LINEAR LINEAR LINEAR LINEAR LINEAR LINEAR LINEAR LINEAR LINEAR LINEAR
LINEAR LINEAR LINEAR LINEAR LINEAR LINEAR LINEAR LINEAR LINEAR LINEAR LINEAR LINEAR
LINEAR LINEAR LINEAR LINEAR LINEAR LINEAR LINEAR LINEAR LINEAR LINEAR LINEAR LINEAR
LINEAR LINEAR LINEAR LINEAR LINEAR LINEAR LINEAR LINEAR LINEAR LINEAR LINEAR LINEAR
LINEAR LINEAR LINEAR LINEAR LINEAR LINEAR LINEAR LINEAR LINEAR LINEAR LINEAR LINEAR
LINEAR LINEAR LINEAR LINEAR LINEAR LINEAR LINEAR LINEAR LINEAR LINEAR LINEAR LINEAR
LINEAR LINEAR LINEAR LINEAR LINEAR LINEAR LINEAR LINEAR LINEAR LINEAR LINEAR LINEAR
LINEAR LINEAR LINEAR LINEAR LINEAR LINEAR LINEAR LINEAR LINEAR LINEAR LINEAR LINEAR
LINEAR LINEAR LINEAR</Name_array>
        <technique_common>
          <accessor source="#Hips-Interpolations-array" count="110">
            <param type="name"/>
          </accessor>
        </technique_common>
      </source>
      <sampler id="Hips-Matrix-animation-transform">
        <input semantic="INPUT" source="#Hips-Matrix-animation-input"/>
        <input semantic="OUTPUT" source="#Hips-Matrix-animation-output-transform"/>
        <input semantic="INTERPOLATION" source="#Hips-Interpolations"/>
      </sampler>
      <channel source="#Hips-Matrix-animation-transform" target="Hips/matrix"/>
      <source id="Spine-Matrix-animation-input">
        <float_array id="Spine-Matrix-animation-input-array" count="110">

0.000000 0.033333 0.066667 0.100000 0.133333 0.166667 0.200000 0.233333 0.266667 0.300000 0.333333 0.366667 0.400000 0.433333 0.466667 0.500000
0.533333 0.566667 0.600000 0.633333 0.666667 0.700000 0.733333 0.766667 0.800000 0.833333 0.866667 0.900000 0.933333 0.966667 1.000000 1.033333
1.066667 1.100000 1.133333 1.166667 1.200000 1.233333 1.266667 1.300000 1.333333 1.366667 1.400000 1.433333 1.466667 1.500000 1.533333 1.566667
1.600000 1.633333 1.666667 1.700000 1.733333 1.766667 1.800000 1.833333 1.866667 1.900000 1.933333 1.966667 2.000000 2.033333 2.066667 2.100000
2.133333 2.166667 2.200000 2.233333 2.266667 2.300000 2.333333 2.366667 2.400000 2.433333 2.466667 2.500000 2.533333 2.566667 2.600000 2.633333
2.666667 2.700000 2.733333 2.766667 2.800000 2.833333 2.866667 2.900000 2.933333 2.966667 3.000000 3.033333 3.066667 3.100000 3.133333 3.166667
3.200000 3.233333 3.266667 3.300000 3.333333 3.366667 3.400000 3.433333 3.466667 3.500000 3.533333 3.566667 3.600000 3.633333</float_array>
        <technique_common>
          <accessor source="#Spine-Matrix-animation-input-array" count="110">
            <param name="TIME" type="float"/>
          </accessor>
        </technique_common>
      </source>
      <source id="Spine-Matrix-animation-output-transform">
        <float_array id="Spine-Matrix-animation-output-transform-array" count="1760">

0.998801 0.048923 0.001903 -0.023100 -0.047624 0.979827 -0.194091 13.157000 -0.011360 0.193767 0.980982 0.957400 0.000000 0.000000 0.000000 1.000000
0.997466 0.070989 -0.004692 -0.023100 -0.070565 0.978808 -0.192240 13.157000 -0.009055 0.192084 0.981337 0.957400 0.000000 0.000000 0.000000 1.000000
0.996921 0.077298 -0.013189 -0.023100 -0.078406 0.980035 -0.182712 13.157000 -0.001197 0.183184 0.983078 0.957400 0.000000 0.000000 0.000000 1.000000
0.999028 0.041025 -0.016131 -0.023100 -0.043100 0.985851 -0.161987 13.157000 0.009258 0.162525 0.986661 0.957400 0.000000 0.000000 0.000000 1.000000
0.999886 0.000871 -0.015064 -0.023100 -0.002637 0.993061 -0.117568 13.157000 0.014857 0.117595 0.992951 0.957400 0.000000 0.000000 0.000000 1.000000
0.999275 -0.036721 -0.010071 -0.023100 0.035481 0.993971 -0.103743 13.157000 0.013820 0.103310 0.994553 0.957400 0.000000 0.000000 0.000000 1.000000
0.997622 -0.068825 -0.003773 -0.023100 0.068127 0.992861 -0.097904 13.157000 0.010484 0.097414 0.995189 0.957400 0.000000 0.000000 0.000000 1.000000
0.996325 -0.085647 0.000817 -0.023100 0.085332 0.991743 -0.095727 13.157000 0.007388 0.095445 0.995407 0.957400 0.000000 0.000000 0.000000 1.000000
0.996278 -0.086168 0.002306 -0.023100 0.086032 0.992330 -0.088767 13.157000 0.005360 0.088635 0.996050 0.957400 0.000000 0.000000 0.000000 1.000000
0.996846 -0.079320 0.002676 -0.023100 0.079229 0.992599 -0.092036 13.157000 0.004644 0.091958 0.995752 0.957400 0.000000 0.000000 0.000000 1.000000
0.997308 -0.073205 0.004215 -0.023100 0.073274 0.992786 -0.094900 13.157000 0.002763 0.094953 0.995478 0.957400 0.000000 0.000000 0.000000 1.000000
0.997219 -0.074244 0.006533 -0.023100 0.074530 0.992934 -0.092346 13.157000 0.000369 0.092576 0.995706 0.957400 0.000000 0.000000 0.000000 1.000000
0.997067 -0.075929 0.009562 -0.023100 0.076482 0.992983 -0.090198 13.157000 -0.002646 0.090664 0.995878 0.957400 0.000000 0.000000 0.000000 1.000000
0.996716 -0.080085 0.011981 -0.023100 0.080833 0.992797 -0.088434 13.157000 -0.004812 0.089112 0.996010 0.957400 0.000000 0.000000 0.000000 1.000000
0.996403 -0.083169 0.016272 -0.023100 0.084275 0.992636 -0.087015 13.157000 -0.008915 0.088073 0.996074 0.957400 0.000000 0.000000 0.000000 1.000000
0.996420 -0.081947 0.020766 -0.023100 0.083471 0.992593 -0.088267 13.157000 -0.013379 0.089684 0.995880 0.957400 0.000000 0.000000 0.000000 1.000000
0.996756 -0.077453 0.021896 -0.023100 0.079076 0.993075 -0.086883 13.157000 -0.015015 0.088332 0.995978 0.957400 0.000000 0.000000 0.000000 1.000000
0.996820 -0.076247 0.023164 -0.023100 0.077955 0.993323 -0.085049 13.157000 -0.016525 0.086584 0.996108 0.957400 0.000000 0.000000 0.000000 1.000000
0.996489 -0.079405 0.026531 -0.023100 0.081444 0.992827 -0.087525 13.157000 -0.019391 0.089378 0.995809 0.957400 0.000000 0.000000 0.000000 1.000000
0.996161 -0.082104 0.030361 -0.023100 0.084484 0.992542 -0.087884 13.157000 -0.022919 0.090112 0.995668 0.957400 0.000000 0.000000 0.000000 1.000000
0.995703 -0.086091 0.034118 -0.023100 0.088831 0.992046 -0.089182 13.157000 -0.026169 0.091830 0.995431 0.957400 0.000000 0.000000 0.000000 1.000000
0.995847 -0.083906 0.035342 -0.023100 0.086761 0.992247 -0.088989 13.157000 -0.027601 0.091685 0.995405 0.957400 0.000000 0.000000 0.000000 1.000000
0.996399 -0.077822 0.033646 -0.023100 0.080428 0.993156 -0.084691 13.157000 -0.026824 0.087093 0.995839 0.957400 0.000000 0.000000 0.000000 1.000000
0.996998 -0.070915 0.031087 -0.023100 0.073222 0.994041 -0.080758 13.157000 -0.025174 0.082791 0.996249 0.957400 0.000000 0.000000 0.000000 1.000000
0.997502 -0.065001 0.027643 -0.023100 0.066925 0.994894 -0.075544 13.157000 -0.022592 0.077205 0.996759 0.957400 0.000000 0.000000 0.000000 1.000000
0.997949 -0.059428 0.023807 -0.023100 0.060924 0.995821 -0.068039 13.157000 -0.019664 0.069350 0.997399 0.957400 0.000000 0.000000 0.000000 1.000000
0.998381 -0.052781 0.021189 -0.023100 0.054032 0.996511 -0.063604 13.157000 -0.017758 0.064646 0.997750 0.957400 0.000000 0.000000 0.000000 1.000000
0.998806 -0.044303 0.020607 -0.023100 0.045446 0.997235 -0.058790 13.157000 -0.017945 0.059657 0.998058 0.957400 0.000000 0.000000 0.000000 1.000000
0.999134 -0.036882 0.019278 -0.023100 0.037935 0.997628 -0.057444 13.157000 -0.017113 0.058126 0.998163 0.957400 0.000000 0.000000 0.000000 1.000000
0.999473 -0.026707 0.018478 -0.023100 0.027684 0.998113 -0.054805 13.157000 -0.016979 0.055287 0.998326 0.957400 0.000000 0.000000 0.000000 1.000000
0.999689 -0.016479 0.018692 -0.023100 0.017512 0.998248 -0.056514 13.157000 -0.017728 0.056824 0.998227 0.957400 0.000000 0.000000 0.000000 1.000000
0.999760 -0.008737 0.020094 -0.023100 0.009903 0.998228 -0.058681 13.157000 -0.019546 0.058866 0.998075 0.957400 0.000000 0.000000 0.000000 1.000000
0.999745 -0.001473 0.022541 -0.023100 0.002838 0.998157 -0.060625 13.157000 -0.022411 0.060673 0.997906 0.957400 0.000000 0.000000 0.000000 1.000000
0.999671 0.006928 0.024693 -0.023100 -0.005375 0.998035 -0.062423 13.157000 -0.025077 0.062269 0.997744 0.957400 0.000000 0.000000 0.000000 1.000000
0.999574 0.013469 0.025902 -0.023100 -0.011798 0.997905 -0.063611 13.157000 -0.026704 0.063278 0.997639 0.957400 0.000000 0.000000 0.000000 1.000000
0.999508 0.016644 0.026573 -0.023100 -0.014884 0.997766 -0.065124 13.157000 -0.027597 0.064696 0.997523 0.957400 0.000000 0.000000 0.000000 1.000000
0.999440 0.019492 0.027210 -0.023100 -0.017646 0.997630 -0.066502 13.157000 -0.028442 0.065984 0.997415 0.957400 0.000000 0.000000 0.000000 1.000000
0.999370 0.022109 0.027762 -0.023100 -0.020170 0.997462 -0.068279 13.157000 -0.029201 0.067676 0.997280 0.957400 0.000000 0.000000 0.000000 1.000000
0.999325 0.023688 0.028087 -0.023100 -0.021598 0.997132 -0.072539 13.157000 -0.029724 0.071883 0.996970 0.957400 0.000000 0.000000 0.000000 1.000000
0.999276 0.025427 0.028300 -0.023100 -0.023205 0.996819 -0.076249 13.157000 -0.030148 0.075537 0.996687 0.957400 0.000000 0.000000 0.000000 1.000000
0.999241 0.027289 0.027802 -0.023100 -0.024951 0.996384 -0.081214 13.157000 -0.029918 0.080458 0.996309 0.957400 0.000000 0.000000 0.000000 1.000000
0.999261 0.027368 0.026973 -0.023100 -0.024875 0.995740 -0.088789 13.157000 -0.029288 0.088052 0.995685 0.957400 0.000000 0.000000 0.000000 1.000000
0.999307 0.026352 0.026281 -0.023100 -0.023677 0.994967 -0.097365 13.157000 -0.028714 0.096675 0.994902 0.957400 0.000000 0.000000 0.000000 1.000000
0.999339 0.026939 0.024426 -0.023100 -0.024153 0.993864 -0.107941 13.157000 -0.027184 0.107280 0.993857 0.957400 0.000000 0.000000 0.000000 1.000000
0.999370 0.028796 0.020749 -0.023100 -0.026109 0.992451 -0.119829 13.157000 -0.024043 0.119212 0.992578 0.957400 0.000000 0.000000 0.000000 1.000000
0.999174 0.037490 0.015661 -0.023100 -0.035094 0.990588 -0.132302 13.157000 -0.020473 0.131643 0.991086 0.957400 0.000000 0.000000 0.000000 1.000000
0.999119 0.040460 0.011115 -0.023100 -0.038371 0.988223 -0.148129 13.157000 -0.016977 0.147572 0.988906 0.957400 0.000000 0.000000 0.000000 1.000000
0.999036 0.043489 0.006015 -0.023100 -0.041972 0.986277 -0.159673 13.157000 -0.012877 0.159266 0.987152 0.957400 0.000000 0.000000 0.000000 1.000000
0.998922 0.046304 0.003127 -0.023100 -0.045104 0.984481 -0.169598 13.157000 -0.010931 0.169274 0.985508 0.957400 0.000000 0.000000 0.000000 1.000000
0.998826 0.048426 -0.001099 -0.023100 -0.047835 0.982568 -0.179643 13.157000 -0.007619 0.179484 0.983731 0.957400 0.000000 0.000000 0.000000 1.000000
0.998793 0.048496 -0.007801 -0.023100 -0.049095 0.980619 -0.189674 13.157000 -0.001548 0.189828 0.981816 0.957400 0.000000 0.000000 0.000000 1.000000
0.999017 0.041664 -0.015110 -0.023100 -0.043841 0.978993 -0.199126 13.157000 0.006497 0.199592 0.979857 0.957400 0.000000 0.000000 0.000000 1.000000
0.999373 0.029342 -0.019795 -0.023100 -0.032794 0.978017 -0.205929 13.157000 0.013318 0.206449 0.978367 0.957400 0.000000 0.000000 0.000000 1.000000
0.999630 0.015190 -0.022546 -0.023100 -0.019630 0.977055 -0.212081 13.157000 0.018807 0.212446 0.976992 0.957400 0.000000 0.000000 0.000000 1.000000
0.999670 -0.000899 -0.025679 -0.023100 -0.004808 0.975191 -0.221311 13.157000 0.025241 0.221362 0.974865 0.957400 0.000000 0.000000 0.000000 1.000000
0.999414 -0.019930 -0.027833 -0.023100 0.013017 0.973231 -0.229461 13.157000 0.031661 0.228964 0.972920 0.957400 0.000000 0.000000 0.000000 1.000000
0.998901 -0.035804 -0.030246 -0.023100 0.027789 0.972089 -0.232960 13.157000 0.037742 0.231864 0.972016 0.957400 0.000000 0.000000 0.000000 1.000000
0.998370 -0.046963 -0.032443 -0.023100 0.037970 0.970806 -0.236840 13.157000 0.042619 0.235222 0.971007 0.957400 0.000000 0.000000 0.000000 1.000000
0.998278 -0.048332 -0.033240 -0.023100 0.039066 0.970508 -0.237882 13.157000 0.043757 0.236174 0.970725 0.957400 0.000000 0.000000 0.000000 1.000000
0.998302 -0.048612 -0.032098 -0.023100 0.039439 0.969545 -0.241716 13.157000 0.042871 0.240039 0.969816 0.957400 0.000000 0.000000 0.000000 1.000000
0.998161 -0.052891 -0.029613 -0.023100 0.044109 0.968850 -0.243688 13.157000 0.041579 0.241934 0.969401 0.957400 0.000000 0.000000 0.000000 1.000000
0.997760 -0.059737 -0.030118 -0.023100 0.050770 0.969292 -0.240616 13.157000 0.043566 0.238548 0.970153 0.957400 0.000000 0.000000 0.000000 1.000000
0.997312 -0.068083 -0.027099 -0.023100 0.059627 0.968951 -0.239955 13.157000 0.042594 0.237694 0.970406 0.957400 0.000000 0.000000 0.000000 1.000000
0.995858 -0.089241 -0.017381 -0.023100 0.082040 0.964434 -0.251271 13.157000 0.039187 0.248805 0.967761 0.957400 0.000000 0.000000 0.000000 1.000000
0.997987 -0.063326 0.003377 -0.023100 0.061457 0.952662 -0.297755 13.157000 0.015638 0.297364 0.954636 0.957400 0.000000 0.000000 0.000000 1.000000
0.999803 -0.018517 0.007120 -0.023100 0.019746 0.963393 -0.267365 13.157000 -0.001908 0.267453 0.963569 0.957400 0.000000 0.000000 0.000000 1.000000
0.999870 -0.013212 -0.009276 -0.023100 0.011154 0.980797 -0.194711 13.157000 0.011670 0.194582 0.980817 0.957400 0.000000 0.000000 0.000000 1.000000
0.999929 0.004834 -0.010936 -0.023100 -0.006609 0.985648 -0.168683 13.157000 0.009964 0.168744 0.985610 0.957400 0.000000 0.000000 0.000000 1.000000
0.999914 0.004910 -0.012158 -0.023100 -0.007228 0.980053 -0.198605 13.157000 0.010941 0.198675 0.980004 0.957400 0.000000 0.000000 0.000000 1.000000
0.999583 -0.021061 -0.019759 -0.023100 0.015763 0.971195 -0.237763 13.157000 0.024198 0.237353 0.971122 0.957400 0.000000 0.000000 0.000000 1.000000
0.998918 -0.044368 -0.013932 -0.023100 0.039308 0.965647 -0.256866 13.157000 0.024850 0.256041 0.966347 0.957400 0.000000 0.000000 0.000000 1.000000
0.998705 -0.050125 -0.008693 -0.023100 0.046299 0.966357 -0.253003 13.157000 0.021082 0.252273 0.967426 0.957400 0.000000 0.000000 0.000000 1.000000
0.998933 -0.044208 -0.013368 -0.023100 0.039209 0.964704 -0.260402 13.157000 0.024408 0.259600 0.965408 0.957400 0.000000 0.000000 0.000000 1.000000
0.999255 -0.028600 -0.025904 -0.023100 0.020409 0.961445 -0.274237 13.157000 0.032748 0.273504 0.961313 0.957400 0.000000 0.000000 0.000000 1.000000
0.999174 -0.017577 -0.036650 -0.023100 0.006664 0.960304 -0.278878 13.157000 0.040096 0.278403 0.959627 0.957400 0.000000 0.000000 0.000000 1.000000
0.999037 -0.014796 -0.041311 -0.023100 0.002542 0.959371 -0.282137 13.157000 0.043808 0.281760 0.958484 0.957400 0.000000 0.000000 0.000000 1.000000
0.998741 -0.013607 -0.048278 -0.023100 -0.000902 0.957471 -0.288529 13.157000 0.050150 0.288209 0.956253 0.957400 0.000000 0.000000 0.000000 1.000000
0.998508 -0.010522 -0.053577 -0.023100 -0.005844 0.955025 -0.296469 13.157000 0.054287 0.296340 0.953538 0.957400 0.000000 0.000000 0.000000 1.000000
0.998867 -0.006602 -0.047135 -0.023100 -0.007677 0.955015 -0.296459 13.157000 0.046972 0.296485 0.953882 0.957400 0.000000 0.000000 0.000000 1.000000
0.999361 -0.000697 -0.035740 -0.023100 -0.009540 0.958351 -0.285433 13.157000 0.034451 0.285591 0.957732 0.957400 0.000000 0.000000 0.000000 1.000000
0.999604 0.008039 -0.026971 -0.023100 -0.015026 0.962763 -0.269929 13.157000 0.023797 0.270227 0.962502 0.957400 0.000000 0.000000 0.000000 1.000000
0.999609 0.016060 -0.022905 -0.023100 -0.021349 0.967070 -0.253615 13.157000 0.018077 0.254005 0.967034 0.957400 0.000000 0.000000 0.000000 1.000000
0.999480 0.023012 -0.022590 -0.023100 -0.027708 0.971223 -0.236556 13.157000 0.016496 0.237059 0.971355 0.957400 0.000000 0.000000 0.000000 1.000000
0.999293 0.029800 -0.022923 -0.023100 -0.034032 0.976094 -0.214670 13.157000 0.015978 0.215299 0.976418 0.957400 0.000000 0.000000 0.000000 1.000000
0.998815 0.042560 -0.023593 -0.023100 -0.046253 0.980987 -0.188483 13.157000 0.015123 0.189351 0.981793 0.957400 0.000000 0.000000 0.000000 1.000000
0.998089 0.057346 -0.023023 -0.023100 -0.060178 0.986665 -0.151230 13.157000 0.014044 0.152326 0.988231 0.957400 0.000000 0.000000 0.000000 1.000000
0.997447 0.067779 -0.022482 -0.023100 -0.069810 0.991789 -0.107155 13.157000 0.015034 0.108450 0.993988 0.957400 0.000000 0.000000 0.000000 1.000000
0.996662 0.078751 -0.021536 -0.023100 -0.079957 0.994838 -0.062479 13.157000 0.016505 0.063992 0.997814 0.957400 0.000000 0.000000 0.000000 1.000000
0.996228 0.085018 -0.017350 -0.023100 -0.085365 0.996141 -0.020401 13.157000 0.015548 0.021805 0.999641 0.957400 0.000000 0.000000 0.000000 1.000000
0.997553 0.069736 -0.005084 -0.023100 -0.069716 0.997559 0.003970 13.157000 0.005349 -0.003606 0.999979 0.957400 0.000000 0.000000 0.000000 1.000000
0.998654 0.051857 0.000300 -0.023100 -0.051855 0.998650 -0.003176 13.157000 -0.000464 0.003156 0.999995 0.957400 0.000000 0.000000 0.000000 1.000000
0.998315 0.057822 -0.004816 -0.023100 -0.057898 0.998167 -0.017642 13.157000 0.003787 0.017892 0.999833 0.957400 0.000000 0.000000 0.000000 1.000000
0.997867 0.064862 -0.007372 -0.023100 -0.065048 0.997470 -0.028686 13.157000 0.005492 0.029104 0.999561 0.957400 0.000000 0.000000 0.000000 1.000000
0.997960 0.063562 -0.006019 -0.023100 -0.063750 0.997198 -0.039142 13.157000 0.003515 0.039446 0.999216 0.957400 0.000000 0.000000 0.000000 1.000000
0.998020 0.062671 -0.005271 -0.023100 -0.062849 0.996934 -0.046602 13.157000 0.002334 0.046841 0.998900 0.957400 0.000000 0.000000 0.000000 1.000000
0.997980 0.063140 -0.007025 -0.023100 -0.063428 0.996513 -0.054209 13.157000 0.003578 0.054545 0.998505 0.957400 0.000000 0.000000 0.000000 1.000000
0.998010 0.062473 -0.008604 -0.023100 -0.062863 0.996400 -0.056887 13.157000 0.005019 0.057315 0.998344 0.957400 0.000000 0.000000 0.000000 1.000000
0.998037 0.061627 -0.011167 -0.023100 -0.062165 0.996449 -0.056792 13.157000 0.007627 0.057375 0.998324 0.957400 0.000000 0.000000 0.000000 1.000000
0.998029 0.061948 -0.010074 -0.023100 -0.062479 0.995869 -0.065886 13.157000 0.005951 0.066385 0.997776 0.957400 0.000000 0.000000 0.000000 1.000000
0.998035 0.061285 -0.013016 -0.023100 -0.062112 0.995057 -0.077483 13.157000 0.008203 0.078139 0.996909 0.957400 0.000000 0.000000 0.000000 1.000000
0.998032 0.060950 -0.014741 -0.023100 -0.061979 0.994515 -0.084258 13.157000 0.009525 0.085006 0.996335 0.957400 0.000000 0.000000 0.000000 1.000000
0.998033 0.061139 -0.013898 -0.023100 -0.062053 0.994913 -0.079352 13.157000 0.008976 0.080058 0.996750 0.957400 0.000000 0.000000 0.000000 1.000000
0.998026 0.061459 -0.012953 -0.023100 -0.062241 0.995415 -0.072633 13.157000 0.008430 0.073296 0.997275 0.957400 0.000000 0.000000 0.000000 1.000000
0.998017 0.061745 -0.012231 -0.023100 -0.062424 0.995838 -0.066410 13.157000 0.008079 0.067042 0.997717 0.957400 0.000000 0.000000 0.000000 1.000000
0.998011 0.061990 -0.011424 -0.023100 -0.062553 0.996340 -0.058247 13.157000 0.007771 0.058846 0.998237 0.957400 0.000000 0.000000 0.000000 1.000000
0.998006 0.062113 -0.011237 -0.023100 -0.062641 0.996507 -0.055222 13.157000 0.007768 0.055816 0.998411 0.957400 0.000000 0.000000 0.000000 1.000000
0.998000 0.062197 -0.011301 -0.023100 -0.062738 0.996437 -0.056360 13.157000 0.007756 0.056956 0.998347 0.957400 0.000000 0.000000 0.000000 1.000000
0.997989 0.062351 -0.011440 -0.023100 -0.062916 0.996303 -0.058492 13.157000 0.007750 0.059094 0.998222 0.957400 0.000000 0.000000 0.000000 1.000000
0.997982 0.062424 -0.011595 -0.023100 -0.063018 0.996145 -0.061031 13.157000 0.007741 0.061638 0.998069 0.957400 0.000000 0.000000 0.000000 1.000000
0.997975 0.062518 -0.011742 -0.023100 -0.063139 0.995991 -0.063367 13.157000 0.007734 0.063980 0.997921 0.957400 0.000000 0.000000 0.000000 1.000000</float_array>
        <technique_common>
          <accessor source="#Spine-Matrix-animation-output-transform-array" count="110" stride="16">
            <param type="float4x4"/>
          </accessor>
        </technique_common>
      </source>
      <source id="Spine-Interpolations">
        <Name_array id="Spine-Interpolations-array" count="110">
 LINEAR LINEAR LINEAR LINEAR LINEAR LINEAR LINEAR LINEAR LINEAR LINEAR LINEAR
LINEAR LINEAR LINEAR LINEAR LINEAR LINEAR LINEAR LINEAR LINEAR LINEAR LINEAR LINEAR
LINEAR LINEAR LINEAR LINEAR LINEAR LINEAR LINEAR LINEAR LINEAR LINEAR LINEAR LINEAR
LINEAR LINEAR LINEAR LINEAR LINEAR LINEAR LINEAR LINEAR LINEAR LINEAR LINEAR LINEAR
LINEAR LINEAR LINEAR LINEAR LINEAR LINEAR LINEAR LINEAR LINEAR LINEAR LINEAR LINEAR
LINEAR LINEAR LINEAR LINEAR LINEAR LINEAR LINEAR LINEAR LINEAR LINEAR LINEAR LINEAR
LINEAR LINEAR LINEAR LINEAR LINEAR LINEAR LINEAR LINEAR LINEAR LINEAR LINEAR LINEAR
LINEAR LINEAR LINEAR LINEAR LINEAR LINEAR LINEAR LINEAR LINEAR LINEAR LINEAR LINEAR
LINEAR LINEAR LINEAR LINEAR LINEAR LINEAR LINEAR LINEAR LINEAR LINEAR LINEAR LINEAR
LINEAR LINEAR LINEAR</Name_array>
        <technique_common>
          <accessor source="#Spine-Interpolations-array" count="110">
            <param type="name"/>
          </accessor>
        </technique_common>
      </source>
      <sampler id="Spine-Matrix-animation-transform">
        <input semantic="INPUT" source="#Spine-Matrix-animation-input"/>
        <input semantic="OUTPUT" source="#Spine-Matrix-animation-output-transform"/>
        <input semantic="INTERPOLATION" source="#Spine-Interpolations"/>
      </sampler>
      <channel source="#Spine-Matrix-animation-transform" target="Spine/matrix"/>
      <source id="Spine1-Matrix-animation-input">
        <float_array id="Spine1-Matrix-animation-input-array" count="110">

