<?xml version="1.0" encoding="utf-8"?>
<COLLADA xmlns="http://www.collada.org/2005/11/COLLADASchema" version="1.4.1">
  <asset>
    <contributor>
      <author>Mixamo</author>
      <authoring_tool>COLLADA Mixamo exporter</authoring_tool>
      <comments/>
    </contributor>
    <created>2021-07-11T17:04:03Z</created>
    <modified>2021-07-11T17:04:03Z</modified>
    <revision/>
    <title/>
    <unit meter="0.010000"/>
    <up_axis>Y_UP</up_axis>
  </asset>
  <library_animations>
    <animation>
      <source id="Hips-Matrix-animation-input">
        <float_array id="Hips-Matrix-animation-input-array" count="58">

0.000000 0.033333 0.066667 0.100000 0.133333 0.166667 0.200000 0.233333 0.266667 0.300000 0.333333 0.366667 0.400000 0.433333 0.466667 0.500000
0.533333 0.566667 0.600000 0.633333 0.666667 0.700000 0.733333 0.766667 0.800000 0.833333 0.866667 0.900000 0.933333 0.966667 1.000000 1.033333
1.066667 1.100000 1.133333 1.166667 1.200000 1.233333 1.266667 1.300000 1.333333 1.366667 1.400000 1.433333 1.466667 1.500000 1.533333 1.566667
1.600000 1.633333 1.666667 1.700000 1.733333 1.766667 1.800000 1.833333 1.866667 1.900000</float_array>
        <technique_common>
          <accessor source="#Hips-Matrix-animation-input-array" count="58">
            <param name="TIME" type="float"/>
          </accessor>
        </technique_common>
      </source>
      <source id="Hips-Matrix-animation-output-transform">
        <float_array id="Hips-Matrix-animation-output-transform-array" count="928">

0.685511 -0.105715 -0.720346 -0.711833 -0.015103 0.987125 -0.159239 88.801590 0.727906 0.120039 0.675088 0.762257 0.000000 0.000000 0.000000 1.000000
0.703820 -0.112923 -0.701346 -1.040822 -0.005695 0.986356 -0.164527 89.960999 0.710355 0.119792 0.693574 1.383254 0.000000 0.000000 0.000000 1.000000
0.727112 -0.116811 -0.676509 -1.249086 0.002976 0.985945 -0.167042 91.300049 0.686513 0.119445 0.717240 2.374985 0.000000 0.000000 0.000000 1.000000
0.746938 -0.134162 -0.651218 -1.252696 0.025844 0.984549 -0.173190 92.721603 0.664391 0.112532 0.738865 4.111506 0.000000 0.000000 0.000000 1.000000
0.739410 -0.158068 -0.654436 -1.260340 0.068558 0.984673 -0.160371 93.876610 0.669755 0.073713 0.738914 6.728453 0.000000 0.000000 0.000000 1.000000
0.687034 -0.177748 -0.704549 -1.116593 0.120617 0.984064 -0.130648 94.805893 0.716544 0.004779 0.697525 10.541306 0.000000 0.000000 0.000000 1.000000
0.575715 -0.180886 -0.797391 -0.770705 0.155423 0.981652 -0.110471 95.154510 0.802743 -0.060333 0.593265 14.782117 0.000000 0.000000 0.000000 1.000000
0.461445 -0.159352 -0.872740 -0.023117 0.169726 0.981423 -0.089456 93.983635 0.870782 -0.106848 0.479919 18.899284 0.000000 0.000000 0.000000 1.000000
0.384107 -0.141030 -0.912454 0.617125 0.190647 0.979082 -0.071074 91.423485 0.903391 -0.146657 0.402959 22.982132 0.000000 0.000000 0.000000 1.000000
0.276106 -0.143295 -0.950385 0.641318 0.216383 0.972706 -0.083797 88.898178 0.936453 -0.182510 0.299577 26.376122 0.000000 0.000000 0.000000 1.000000
0.107654 -0.173852 -0.978870 1.156158 0.185997 0.970730 -0.151951 87.523300 0.976635 -0.165709 0.136839 29.572849 0.000000 0.000000 0.000000 1.000000
-0.077340 -0.200314 -0.976674 1.575233 0.146282 0.966727 -0.209858 87.132668 0.986215 -0.159100 -0.045464 32.565708 0.000000 0.000000 0.000000 1.000000
-0.323017 -0.229245 -0.918208 2.824257 0.070651 0.961670 -0.264951 88.280457 0.943752 -0.150456 -0.294439 36.933308 0.000000 0.000000 0.000000 1.000000
-0.558951 -0.290103 -0.776797 3.696079 -0.070057 0.949975 -0.304368 90.592941 0.826236 -0.115707 -0.551313 41.559681 0.000000 0.000000 0.000000 1.000000
-0.695673 -0.418817 -0.583635 4.614985 -0.259586 0.904121 -0.339381 93.224091 0.669816 -0.084595 -0.737692 46.359867 0.000000 0.000000 0.000000 1.000000
-0.786928 -0.508499 -0.349532 5.148165 -0.383889 0.846943 -0.367854 96.284378 0.483087 -0.155293 -0.861691 51.203522 0.000000 0.000000 0.000000 1.000000
-0.878600 -0.471006 -0.078836 4.466145 -0.453173 0.874376 -0.173498 102.059868 0.150651 -0.116709 -0.981674 53.622723 0.000000 0.000000 0.000000 1.000000
-0.889317 -0.443201 0.112645 3.049015 -0.447134 0.894398 -0.011059 109.132973 -0.095848 -0.060202 -0.993574 53.368671 0.000000 0.000000 0.000000 1.000000
-0.845765 -0.438180 0.304434 2.262837 -0.433622 0.896949 0.086332 116.411758 -0.310891 -0.058993 -0.948613 53.055927 0.000000 0.000000 0.000000 1.000000
-0.761540 -0.397909 0.511591 1.730419 -0.377855 0.913901 0.148357 123.243973 -0.526577 -0.080328 -0.846324 53.389427 0.000000 0.000000 0.000000 1.000000
-0.636930 -0.377740 0.672036 2.172418 -0.327181 0.921780 0.208027 128.717178 -0.698049 -0.087379 -0.710698 54.129456 0.000000 0.000000 0.000000 1.000000
-0.477096 -0.375602 0.794546 3.747270 -0.266560 0.923329 0.276422 132.894226 -0.837452 -0.079914 -0.540637 54.961494 0.000000 0.000000 0.000000 1.000000
-0.278143 -0.354684 0.892657 6.096293 -0.197413 0.930597 0.308248 136.122116 -0.940035 -0.090485 -0.328858 56.621414 0.000000 0.000000 0.000000 1.000000
-0.073947 -0.328959 0.941444 8.324964 -0.127838 0.939367 0.318192 136.901199 -0.989034 -0.096823 -0.111517 58.705658 0.000000 0.000000 0.000000 1.000000
0.110520 -0.304119 0.946202 10.002314 -0.058414 0.948400 0.311648 135.722015 -0.992156 -0.089714 0.087052 60.842133 0.000000 0.000000 0.000000 1.000000
0.310813 -0.282580 0.907493 11.407358 0.024246 0.956829 0.289638 132.949036 -0.950162 -0.068020 0.304246 62.978786 0.000000 0.000000 0.000000 1.000000
0.522678 -0.268241 0.809231 12.854285 0.110012 0.962496 0.247989 128.389252 -0.845402 -0.040593 0.532585 65.138412 0.000000 0.000000 0.000000 1.000000
0.703882 -0.267259 0.658120 13.903687 0.187356 0.963561 0.190913 121.711739 -0.685162 -0.011077 0.728306 67.607147 0.000000 0.000000 0.000000 1.000000
0.840973 -0.272192 0.467629 14.718105 0.240537 0.962229 0.127508 113.154663 -0.484672 0.005251 0.874680 69.750603 0.000000 0.000000 0.000000 1.000000
0.931600 -0.261652 0.252311 15.715085 0.253247 0.965159 0.065834 103.129059 -0.260745 0.002566 0.965404 71.266594 0.000000 0.000000 0.000000 1.000000
0.969630 -0.244247 0.012721 17.252220 0.244431 0.969538 -0.015781 91.745781 -0.008479 0.018411 0.999795 72.202858 0.000000 0.000000 0.000000 1.000000
0.934119 -0.239934 -0.264299 19.084810 0.196996 0.963955 -0.178840 80.217712 0.297682 0.114992 0.947714 73.202408 0.000000 0.000000 0.000000 1.000000
0.829203 -0.165271 -0.533954 20.828144 0.028632 0.966592 -0.254717 70.038330 0.558213 0.195924 0.806233 75.040909 0.000000 0.000000 0.000000 1.000000
0.732664 -0.278265 -0.621106 23.514286 0.072597 0.939344 -0.335204 60.875175 0.676708 0.200501 0.708425 77.578438 0.000000 0.000000 0.000000 1.000000
0.642848 -0.269821 -0.716898 25.760914 -0.001576 0.935438 -0.353487 53.267097 0.765992 0.228368 0.600919 80.233475 0.000000 0.000000 0.000000 1.000000
0.558322 -0.214299 -0.801469 27.336323 -0.095863 0.942927 -0.318903 46.803627 0.824067 0.254882 0.505913 82.829605 0.000000 0.000000 0.000000 1.000000
0.515255 -0.203487 -0.832529 29.271040 -0.149575 0.935145 -0.321141 44.335388 0.843883 0.289995 0.451402 84.209251 0.000000 0.000000 0.000000 1.000000
0.524618 -0.271393 -0.806921 31.045416 -0.132753 0.910154 -0.392423 44.969112 0.840924 0.312993 0.441455 85.030464 0.000000 0.000000 0.000000 1.000000
0.535833 -0.261778 -0.802718 31.581470 -0.148861 0.906539 -0.395003 46.447201 0.831098 0.331149 0.446785 86.020760 0.000000 0.000000 0.000000 1.000000
0.539131 -0.220086 -0.812957 31.321016 -0.178746 0.913364 -0.365808 47.624020 0.823035 0.342532 0.453084 86.716194 0.000000 0.000000 0.000000 1.000000
0.532718 -0.189050 -0.824907 30.117636 -0.183368 0.925790 -0.330588 48.705559 0.826189 0.327372 0.458520 87.552574 0.000000 0.000000 0.000000 1.000000
0.503971 -0.153779 -0.849920 27.734928 -0.175006 0.945431 -0.274833 49.846310 0.845805 0.287249 0.449558 88.291710 0.000000 0.000000 0.000000 1.000000
0.457430 -0.130855 -0.879565 25.210238 -0.156139 0.961928 -0.224310 51.581383 0.875430 0.239941 0.419583 89.359070 0.000000 0.000000 0.000000 1.000000
0.406868 -0.118830 -0.905725 22.751770 -0.136907 0.972372 -0.189075 54.066574 0.903169 0.200929 0.379359 90.493721 0.000000 0.000000 0.000000 1.000000
0.384282 -0.153147 -0.910425 20.218426 -0.131533 0.967003 -0.218183 58.064346 0.913798 0.203594 0.351459 91.890427 0.000000 0.000000 0.000000 1.000000
0.376548 -0.168840 -0.910881 17.803228 -0.134544 0.962859 -0.234094 63.306114 0.916575 0.210701 0.339847 93.293900 0.000000 0.000000 0.000000 1.000000
0.342685 -0.183620 -0.921331 14.782205 -0.116616 0.964813 -0.235661 69.847153 0.932185 0.188199 0.309214 94.555496 0.000000 0.000000 0.000000 1.000000
0.308588 -0.212963 -0.927049 12.214314 -0.113161 0.959473 -0.258080 75.881912 0.944441 0.184546 0.271983 95.665962 0.000000 0.000000 0.000000 1.000000
0.357261 -0.226725 -0.906069 9.778862 -0.070133 0.960840 -0.268084 80.885727 0.931368 0.159321 0.327370 96.609947 0.000000 0.000000 0.000000 1.000000
0.432988 -0.230899 -0.871325 7.969468 -0.024713 0.963231 -0.267535 86.359337 0.901061 0.137373 0.411361 97.789810 0.000000 0.000000 0.000000 1.000000
0.504659 -0.234789 -0.830779 6.139484 0.017687 0.964918 -0.261954 91.221451 0.863138 0.117504 0.491107 98.781708 0.000000 0.000000 0.000000 1.000000
0.549855 -0.226566 -0.803945 4.348823 0.030065 0.967253 -0.252027 93.859451 0.834719 0.114408 0.538661 99.878517 0.000000 0.000000 0.000000 1.000000
0.558846 -0.208913 -0.802525 2.850779 0.011844 0.969659 -0.244173 93.048012 0.829187 0.126950 0.544365 100.926826 0.000000 0.000000 0.000000 1.000000
0.541032 -0.207141 -0.815093 2.067879 0.003098 0.969677 -0.244370 91.077705 0.840997 0.129687 0.525268 101.505791 0.000000 0.000000 0.000000 1.000000
0.562630 -0.190366 -0.804493 1.320422 0.001577 0.973372 -0.229225 89.949966 0.826708 0.127700 0.547948 101.861351 0.000000 0.000000 0.000000 1.000000
0.602536 -0.164478 -0.780959 0.668709 -0.000673 0.978428 -0.206587 89.219666 0.798091 0.125002 0.589427 102.134041 0.000000 0.000000 0.000000 1.000000
0.647241 -0.133718 -0.750465 0.017426 -0.007839 0.983275 -0.181961 88.835167 0.762245 0.123655 0.635368 102.385452 0.000000 0.000000 0.000000 1.000000
0.685527 -0.105712 -0.720332 -0.716633 -0.015103 0.987125 -0.159239 88.801613 0.727891 0.120042 0.675104 102.707008 0.000000 0.000000 0.000000 1.000000</float_array>
        <technique_common>
          <accessor source="#Hips-Matrix-animation-output-transform-array" count="58" stride="16">
            <param type="float4x4"/>
          </accessor>
        </technique_common>
      </source>
      <source id="Hips-Interpolations">
        <Name_array id="Hips-Interpolations-array" count="58">
 LINEAR LINEAR LINEAR LINEAR LINEAR LINEAR LINEAR LINEAR LINEAR LINEAR LINEAR
LINEAR LINEAR LINEAR LINEAR LINEAR LINEAR LINEAR LINEAR LINEAR LINEAR LINEAR LINEAR
LINEAR LINEAR LINEAR LINEAR LINEAR LINEAR LINEAR LINEAR LINEAR LINEAR LINEAR LINEAR
LINEAR LINEAR LINEAR LINEAR LINEAR LINEAR LINEAR LINEAR LINEAR LINEAR LINEAR LINEAR
LINEAR LINEAR LINEAR LINEAR LINEAR LINEAR LINEAR LINEAR LINEAR LINEAR LINEAR</Name_array>
        <technique_common>
          <accessor source="#Hips-Interpolations-array" count="58">
            <param type="name"/>
          </accessor>
        </technique_common>
      </source>
      <sampler id="Hips-Matrix-animation-transform">
        <input semantic="INPUT" source="#Hips-Matrix-animation-input"/>
        <input semantic="OUTPUT" source="#Hips-Matrix-animation-output-transform"/>
        <input semantic="INTERPOLATION" source="#Hips-Interpolations"/>
      </sampler>
      <channel source="#Hips-Matrix-animation-transform" target="Hips/matrix"/>
      <source id="Spine-Matrix-animation-input">
        <float_array id="Spine-Matrix-animation-input-array" count="58">

0.000000 0.033333 0.066667 0.100000 0.133333 0.166667 0.200000 0.233333 0.266667 0.300000 0.333333 0.366667 0.400000 0.433333 0.466667 0.500000
0.533333 0.566667 0.600000 0.633333 0.666667 0.700000 0.733333 0.766667 0.800000 0.833333 0.866667 0.900000 0.933333 0.966667 1.000000 1.033333
1.066667 1.100000 1.133333 1.166667 1.200000 1.233333 1.266667 1.300000 1.333333 1.366667 1.400000 1.433333 1.466667 1.500000 1.533333 1.566667
1.600000 1.633333 1.666667 1.700000 1.733333 1.766667 1.800000 1.833333 1.866667 1.900000</float_array>
        <technique_common>
          <accessor source="#Spine-Matrix-animation-input-array" count="58">
            <param name="TIME" type="float"/>
          </accessor>
        </technique_common>
      </source>
      <source id="Spine-Matrix-animation-output-transform">
        <float_array id="Spine-Matrix-animation-output-transform-array" count="928">

0.996513 0.054213 0.063431 0.000000 -0.045701 0.990630 -0.128698 5.245300 -0.069814 0.125350 0.989653 0.258800 0.000000 0.000000 0.000000 1.000000
0.998077 0.035787 0.050602 0.000000 -0.028684 0.990468 -0.134725 5.245300 -0.054942 0.133014 0.989590 0.258800 0.000000 0.000000 0.000000 1.000000
0.998838 0.005401 0.047881 0.000000 0.001628 0.989350 -0.145549 5.245300 -0.048158 0.145458 0.988192 0.258800 0.000000 0.000000 0.000000 1.000000
0.997919 -0.014540 0.062820 0.000000 0.023601 0.989004 -0.145996 5.245300 -0.060007 0.147175 0.987289 0.258800 0.000000 0.000000 0.000000 1.000000
0.994553 -0.014660 0.103194 0.000000 0.030078 0.988307 -0.149480 5.245300 -0.099796 0.151769 0.983365 0.258800 0.000000 0.000000 0.000000 1.000000
0.984288 -0.009153 0.176333 -0.000000 0.037561 0.986652 -0.158449 5.245300 -0.172529 0.162583 0.971494 0.258800 0.000000 0.000000 0.000000 1.000000
0.964396 -0.009562 0.264288 0.000000 0.057244 0.983202 -0.173313 5.245300 -0.258191 0.182272 0.948744 0.258800 0.000000 0.000000 0.000000 1.000000
0.943941 -0.018921 0.329570 0.000000 0.092283 0.973678 -0.208411 5.245300 -0.316952 0.227141 0.920841 0.258800 0.000000 0.000000 0.000000 1.000000
0.926320 -0.021257 0.376137 0.000000 0.120305 0.962823 -0.241864 5.245300 -0.357012 0.269295 0.894440 0.258800 0.000000 0.000000 0.000000 1.000000
0.908601 -0.004350 0.417642 0.000000 0.125040 0.956915 -0.262064 5.245300 -0.398508 0.290334 0.869999 0.258800 0.000000 0.000000 0.000000 1.000000
0.911132 -0.013278 0.411901 0.000000 0.134061 0.954669 -0.265771 5.245300 -0.389700 0.297373 0.871610 0.258800 0.000000 0.000000 0.000000 1.000000
0.924199 0.026733 0.380974 0.000000 0.090915 0.953470 -0.287454 5.245300 -0.370932 0.300301 0.878765 0.258800 0.000000 0.000000 0.000000 1.000000
0.939207 0.095758 0.329729 0.000000 0.019519 0.943879 -0.329714 5.245300 -0.342797 0.316105 0.884629 0.258800 0.000000 0.000000 0.000000 1.000000
0.969748 0.124060 0.210231 0.000000 -0.051165 0.945397 -0.321879 5.245300 -0.238684 0.301385 0.923145 0.258800 0.000000 0.000000 0.000000 1.000000
0.995611 0.084568 0.040085 -0.000000 -0.073433 0.971449 -0.225596 5.245300 -0.058019 0.221662 0.973396 0.258800 0.000000 0.000000 0.000000 1.000000
0.996549 0.061508 -0.055733 -0.000000 -0.066959 0.992538 -0.101903 5.245300 0.049049 0.105284 0.993232 0.258800 0.000000 0.000000 0.000000 1.000000
0.992614 0.101631 -0.066244 0.000000 -0.109852 0.984691 -0.135334 5.245300 0.051476 0.141612 0.988583 0.258800 0.000000 0.000000 0.000000 1.000000
0.991595 0.090574 -0.092385 0.000000 -0.102625 0.985468 -0.135356 5.245300 0.078783 0.143699 0.986481 0.258800 0.000000 0.000000 0.000000 1.000000
0.999002 0.032180 -0.030961 -0.000000 -0.035520 0.992823 -0.114195 5.245300 0.027064 0.115181 0.992976 0.258800 0.000000 0.000000 0.000000 1.000000
0.997822 -0.012427 0.064781 0.000000 0.018265 0.995746 -0.090317 5.245300 -0.063383 0.091304 0.993804 0.258800 0.000000 0.000000 0.000000 1.000000
0.989289 -0.062241 0.132038 0.000000 0.073781 0.993698 -0.084384 5.245300 -0.125954 0.093222 0.987646 0.258800 0.000000 0.000000 0.000000 1.000000
0.976640 -0.080134 0.199380 0.000000 0.099040 0.991298 -0.086716 5.245300 -0.190696 0.104437 0.976078 0.258800 0.000000 0.000000 0.000000 1.000000
0.965616 -0.077879 0.248033 0.000000 0.096175 0.993400 -0.062504 5.245300 -0.241528 0.084209 0.966733 0.258800 0.000000 0.000000 0.000000 1.000000
0.955240 -0.071108 0.287157 0.000000 0.088644 0.994881 -0.048518 5.245300 -0.282237 0.071801 0.956654 0.258800 0.000000 0.000000 0.000000 1.000000
0.945604 -0.071613 0.317339 0.000000 0.089546 0.995085 -0.042270 5.245300 -0.312752 0.068388 0.947370 0.258800 0.000000 0.000000 0.000000 1.000000
0.938909 -0.072223 0.336503 -0.000000 0.092563 0.994699 -0.044777 5.245300 -0.331486 0.073190 0.940617 0.258800 0.000000 0.000000 0.000000 1.000000
0.931765 -0.076794 0.354846 0.000000 0.100401 0.993761 -0.048570 5.245300 -0.348903 0.080883 0.933662 0.258800 0.000000 0.000000 0.000000 1.000000
0.933152 -0.078661 0.350770 0.000000 0.106217 0.992532 -0.059990 5.245300 -0.343431 0.093237 0.934538 0.258800 0.000000 0.000000 0.000000 1.000000
0.940204 -0.070947 0.333142 0.000000 0.110450 0.988721 -0.101154 5.245300 -0.322208 0.131901 0.937435 0.258800 0.000000 0.000000 0.000000 1.000000
0.951034 -0.081351 0.298189 0.000000 0.132637 0.978813 -0.155989 5.245300 -0.279182 0.187902 0.941674 0.258800 0.000000 0.000000 0.000000 1.000000
0.961573 -0.117160 0.248296 0.000000 0.174360 0.959180 -0.222648 5.245300 -0.212075 0.257385 0.942750 0.258800 0.000000 0.000000 0.000000 1.000000
0.968331 -0.145181 0.203119 0.000000 0.192256 0.952634 -0.235639 5.245300 -0.159288 0.267228 0.950377 0.258800 0.000000 0.000000 0.000000 1.000000
0.957240 -0.237319 0.165444 0.000000 0.279645 0.905542 -0.319049 5.245300 -0.074100 0.351672 0.933186 0.258800 0.000000 0.000000 0.000000 1.000000
0.984792 -0.158504 0.071139 0.000000 0.173290 0.925453 -0.336909 5.245300 -0.012434 0.344113 0.938846 0.258800 0.000000 0.000000 0.000000 1.000000
0.982616 -0.157634 0.098063 0.000000 0.183467 0.905270 -0.383178 5.245300 -0.028372 0.394508 0.918454 0.258800 0.000000 0.000000 0.000000 1.000000
0.986535 -0.136007 0.090829 0.000000 0.163025 0.862127 -0.479749 5.245300 -0.013057 0.488097 0.872692 0.258800 0.000000 0.000000 0.000000 1.000000
0.994838 -0.089963 0.046949 0.000000 0.101139 0.841260 -0.531087 5.245300 0.008282 0.533094 0.846016 0.258800 0.000000 0.000000 0.000000 1.000000
0.998506 -0.031147 0.044899 0.000000 0.049280 0.868283 -0.493616 5.245300 -0.023610 0.495091 0.868520 0.258800 0.000000 0.000000 0.000000 1.000000
0.998160 -0.006772 0.060261 0.000000 0.037184 0.853343 -0.520022 5.245300 -0.047902 0.521306 0.852024 0.258800 0.000000 0.000000 0.000000 1.000000
0.997245 -0.027146 0.069026 0.000000 0.059960 0.842850 -0.534798 5.245300 -0.043661 0.537463 0.842156 0.258800 0.000000 0.000000 0.000000 1.000000
0.994690 -0.028214 0.098978 -0.000000 0.076466 0.846287 -0.527211 5.245300 -0.068889 0.531980 0.843950 0.258800 0.000000 0.000000 0.000000 1.000000
0.992355 -0.020514 0.121701 0.000000 0.080490 0.855097 -0.512182 5.245300 -0.093559 0.518062 0.850211 0.258800 0.000000 0.000000 0.000000 1.000000
0.991826 -0.006895 0.127409 0.000000 0.067199 0.877064 -0.475651 5.245300 -0.108466 0.480325 0.870358 0.258800 0.000000 0.000000 0.000000 1.000000
0.991847 0.001796 0.127421 0.000000 0.053879 0.900222 -0.432086 5.245300 -0.115484 0.435428 0.892785 0.258800 0.000000 0.000000 0.000000 1.000000
0.995638 -0.030127 0.088303 0.000000 0.060474 0.929087 -0.364884 5.245300 -0.071048 0.368632 0.926856 0.258800 0.000000 0.000000 0.000000 1.000000
0.997564 -0.061735 0.032465 0.000000 0.068994 0.941728 -0.329224 5.245300 -0.010248 0.330662 0.943694 0.258800 0.000000 0.000000 0.000000 1.000000
0.999347 -0.035906 -0.004149 0.000000 0.032924 0.951646 -0.305426 5.245300 0.014915 0.305090 0.952207 0.258800 0.000000 0.000000 0.000000 1.000000
0.999214 -0.026943 -0.029075 0.000000 0.018010 0.961993 -0.272479 5.245300 0.035312 0.271741 0.961722 0.258800 0.000000 0.000000 0.000000 1.000000
0.999025 0.015230 -0.041436 -0.000000 -0.024607 0.971380 -0.236255 5.245300 0.036652 0.237044 0.970807 0.258800 0.000000 0.000000 0.000000 1.000000
0.997717 0.054789 -0.039483 0.000000 -0.061421 0.979225 -0.193251 5.245300 0.028075 0.195234 0.980355 0.258800 0.000000 0.000000 0.000000 1.000000
0.995427 0.090100 -0.031722 0.000000 -0.093722 0.985403 -0.142118 5.245300 0.018454 0.144441 0.989341 0.258800 0.000000 0.000000 0.000000 1.000000
0.995366 0.095806 -0.008225 0.000000 -0.096156 0.991125 -0.091789 5.245300 -0.000642 0.092155 0.995745 0.258800 0.000000 0.000000 0.000000 1.000000
0.997181 0.068524 0.030562 0.000000 -0.067164 0.996793 -0.043497 5.245300 -0.033445 0.041322 0.998586 0.258800 0.000000 0.000000 0.000000 1.000000
0.997074 0.045899 0.061120 0.000000 -0.044806 0.998812 -0.019144 5.245300 -0.061927 0.016350 0.997947 0.258800 0.000000 0.000000 0.000000 1.000000
0.996685 0.033291 0.074241 0.000000 -0.031350 0.999140 -0.027155 5.245300 -0.075081 0.024737 0.996871 0.258800 0.000000 0.000000 0.000000 1.000000
0.996599 0.026646 0.077979 0.000000 -0.022624 0.998390 -0.052015 5.245300 -0.079239 0.050074 0.995597 0.258800 0.000000 0.000000 0.000000 1.000000
0.996838 0.036190 0.070745 0.000000 -0.029768 0.995514 -0.089806 5.245300 -0.073678 0.087416 0.993444 0.258800 0.000000 0.000000 0.000000 1.000000
0.996513 0.054213 0.063432 0.000000 -0.045701 0.990630 -0.128698 5.245300 -0.069814 0.125350 0.989653 0.258800 0.000000 0.000000 0.000000 1.000000</float_array>
        <technique_common>
          <accessor source="#Spine-Matrix-animation-output-transform-array" count="58" stride="16">
            <param type="float4x4"/>
          </accessor>
        </technique_common>
      </source>
      <source id="Spine-Interpolations">
        <Name_array id="Spine-Interpolations-array" count="58">
 LINEAR LINEAR LINEAR LINEAR LINEAR LINEAR LINEAR LINEAR LINEAR LINEAR LINEAR
LINEAR LINEAR LINEAR LINEAR LINEAR LINEAR LINEAR LINEAR LINEAR LINEAR LINEAR LINEAR
LINEAR LINEAR LINEAR LINEAR LINEAR LINEAR LINEAR LINEAR LINEAR LINEAR LINEAR LINEAR
LINEAR LINEAR LINEAR LINEAR LINEAR LINEAR LINEAR LINEAR LINEAR LINEAR LINEAR LINEAR
LINEAR LINEAR LINEAR LINEAR LINEAR LINEAR LINEAR LINEAR LINEAR LINEAR LINEAR</Name_array>
        <technique_common>
          <accessor source="#Spine-Interpolations-array" count="58">
            <param type="name"/>
          </accessor>
        </technique_common>
      </source>
      <sampler id="Spine-Matrix-animation-transform">
        <input semantic="INPUT" source="#Spine-Matrix-animation-input"/>
        <input semantic="OUTPUT" source="#Spine-Matrix-animation-output-transform"/>
        <input semantic="INTERPOLATION" source="#Spine-Interpolations"/>
      </sampler>
      <channel source="#Spine-Matrix-animation-transform" target="Spine/matrix"/>
      <source id="Spine1-Matrix-animation-input">
        <float_array id="Spine1-Matrix-animation-input-array" count="58">

0.000000 0.033333 0.066667 0.100000 0.133333 0.166667 0.200000 0.233333 0.266667 0.300000 0.333333 0.366667 0.400000 0.433333 0.466667 0.500000
0.533333 0.566667 0.600000 0.633333 0.666667 0.700000 0.733333 0.766667 0.800000 0.833333 0.866667 0.900000 0.933333 0.966667 1.000000 1.033333
1.066667 1.100000 1.133333 1.166667 1.200000 1.233333 1.266667 1.300000 1.333333 1.366667 1.400000 1.433333 1.466667 1.500000 1.533333 1.566667
1.600000 1.633333 1.666667 1.700000 1.733333 1.766667 1.800000 1.833333 1.866667 1.900000</float_array>
        <technique_common>
          <accessor source="#Spine1-Matrix-animation-input-array" count="58">
            <param name="TIME" type="float"/>
          </accessor>
        </technique_common>
      </source>
      <source id="Spine1-Matrix-animation-output-transform">
        <float_array id="Spine1-Matrix-animation-output-transform-array" count="928">

0.998870 -0.040556 0.024793 -0.031400 0.041082 0.998933 -0.021096 11.044900 -0.023911 0.022091 0.999470 -0.697600 0.000000 0.000000 0.000000 1.000000
0.999321 -0.031287 0.019466 -0.031400 0.031571 0.999397 -0.014454 11.044900 -0.019002 0.015058 0.999706 -0.697600 0.000000 0.000000 0.000000 1.000000
0.999595 -0.023513 0.016048 -0.031400 0.023621 0.999699 -0.006586 11.044900 -0.015888 0.006963 0.999850 -0.697600 0.000000 0.000000 0.000000 1.000000
0.999668 -0.018632 0.017783 -0.031400 0.018574 0.999822 0.003390 11.044900 -0.017843 -0.003059 0.999836 -0.697600 0.000000 0.000000 0.000000 1.000000
0.999459 -0.017990 0.027551 -0.031400 0.017662 0.999771 0.012117 11.044900 -0.027762 -0.011624 0.999547 -0.697600 0.000000 0.000000 0.000000 1.000000
0.998659 -0.022036 0.046849 -0.031400 0.021307 0.999645 0.016014 11.044900 -0.047185 -0.014994 0.998774 -0.697600 0.000000 0.000000 0.000000 1.000000
0.997010 -0.032463 0.070128 -0.031400 0.031654 0.999419 0.012623 11.044900 -0.070497 -0.010365 0.997458 -0.697600 0.000000 0.000000 0.000000 1.000000
0.995439 -0.040614 0.086319 -0.031400 0.040622 0.999173 0.001664 11.044900 -0.086316 0.001850 0.996266 -0.697600 0.000000 0.000000 0.000000 1.000000
0.994212 -0.044133 0.097950 -0.031400 0.045361 0.998917 -0.010338 11.044900 -0.097388 0.014721 0.995138 -0.697600 0.000000 0.000000 0.000000 1.000000
0.992697 -0.050709 0.109456 -0.031400 0.053095 0.998409 -0.018998 11.044900 -0.108319 0.024671 0.993810 -0.697600 0.000000 0.000000 0.000000 1.000000
0.992836 -0.053087 0.107049 -0.031400 0.056163 0.998085 -0.025922 11.044900 -0.105467 0.031748 0.993916 -0.697600 0.000000 0.000000 0.000000 1.000000
0.993806 -0.046114 0.101105 -0.031400 0.050334 0.997947 -0.039596 11.044900 -0.099071 0.044439 0.994088 -0.697600 0.000000 0.000000 0.000000 1.000000
0.995383 -0.028980 0.091506 -0.031400 0.033736 0.998136 -0.050862 11.044900 -0.089862 0.053715 0.994505 -0.697600 0.000000 0.000000 0.000000 1.000000
0.997918 -0.010010 0.063721 -0.031400 0.013272 0.998611 -0.050980 11.044900 -0.063122 0.051719 0.996665 -0.697600 0.000000 0.000000 0.000000 1.000000
0.999875 -0.004602 0.015102 -0.031400 0.005381 0.998637 -0.051912 11.044900 -0.014842 0.051987 0.998537 -0.697600 0.000000 0.000000 0.000000 1.000000
0.999847 0.011476 -0.013190 -0.031400 -0.011962 0.999231 -0.037349 11.044900 0.012752 0.037501 0.999215 -0.697600 0.000000 0.000000 0.000000 1.000000
0.999708 0.020549 -0.012744 -0.031400 -0.020925 0.999328 -0.030096 11.044900 0.012117 0.030354 0.999466 -0.697600 0.000000 0.000000 0.000000 1.000000
0.999716 0.013645 -0.019539 -0.031400 -0.014042 0.999695 -0.020303 11.044900 0.019256 0.020572 0.999603 -0.697600 0.000000 0.000000 0.000000 1.000000
0.999980 0.001365 -0.006098 -0.031400 -0.001377 0.999997 -0.001971 11.044900 0.006096 0.001979 0.999979 -0.697600 0.000000 0.000000 0.000000 1.000000
0.999721 0.016663 0.016761 -0.031400 -0.017008 0.999642 0.020658 11.044900 -0.016411 -0.020937 0.999646 -0.697600 0.000000 0.000000 0.000000 1.000000
0.999301 0.017874 0.032826 -0.031400 -0.018752 0.999469 0.026645 11.044900 -0.032333 -0.027242 0.999106 -0.697600 0.000000 0.000000 0.000000 1.000000
0.998632 0.013296 0.050562 -0.031400 -0.014470 0.999632 0.022935 11.044900 -0.050238 -0.023635 0.998458 -0.697600 0.000000 0.000000 0.000000 1.000000
0.997915 0.007222 0.064133 -0.031400 -0.008782 0.999671 0.024082 11.044900 -0.063938 -0.024595 0.997651 -0.697600 0.000000 0.000000 0.000000 1.000000
0.997161 0.004226 0.075177 -0.031400 -0.006242 0.999627 0.026599 11.044900 -0.075037 -0.026993 0.996815 -0.697600 0.000000 0.000000 0.000000 1.000000
0.996525 0.003632 0.083221 -0.031400 -0.006019 0.999577 0.028447 11.044900 -0.083082 -0.028849 0.996125 -0.697600 0.000000 0.000000 0.000000 1.000000
0.996048 0.000235 0.088816 -0.031400 -0.002647 0.999631 0.027042 11.044900 -0.088777 -0.027170 0.995681 -0.697600 0.000000 0.000000 0.000000 1.000000
0.995535 -0.004725 0.094271 -0.031400 0.002313 0.999668 0.025675 11.044900 -0.094361 -0.025342 0.995215 -0.697600 0.000000 0.000000 0.000000 1.000000
0.995498 -0.016447 0.093349 -0.031400 0.014276 0.999613 0.023876 11.044900 -0.093705 -0.022436 0.995347 -0.697600 0.000000 0.000000 0.000000 1.000000
0.995684 -0.029040 0.088153 -0.031400 0.027739 0.999488 0.015947 11.044900 -0.088571 -0.013433 0.995979 -0.697600 0.000000 0.000000 0.000000 1.000000
0.995944 -0.048716 0.075648 -0.031400 0.048475 0.998812 0.005017 11.044900 -0.075802 -0.001329 0.997122 -0.697600 0.000000 0.000000 0.000000 1.000000
0.996569 -0.059981 0.057024 -0.031400 0.060625 0.998114 -0.009633 11.044900 -0.056338 0.013057 0.998326 -0.697600 0.000000 0.000000 0.000000 1.000000
0.997555 -0.052381 0.046261 -0.031400 0.053577 0.998251 -0.024990 11.044900 -0.044871 0.027407 0.998617 -0.697600 0.000000 0.000000 0.000000 1.000000
0.998229 -0.050786 0.030994 -0.031400 0.052233 0.997489 -0.047822 11.044900 -0.028487 0.049356 0.998375 -0.697600 0.000000 0.000000 0.000000 1.000000
0.999411 -0.032174 0.011905 -0.031400 0.032814 0.997769 -0.058138 11.044900 -0.010008 0.058494 0.998238 -0.697600 0.000000 0.000000 0.000000 1.000000
0.999450 -0.026395 0.020051 -0.031400 0.027721 0.997228 -0.069055 11.044900 -0.018173 0.069573 0.997411 -0.697600 0.000000 0.000000 0.000000 1.000000
0.999691 -0.014993 0.019817 -0.031400 0.016514 0.996740 -0.078977 11.044900 -0.018568 0.079280 0.996679 -0.697600 0.000000 0.000000 0.000000 1.000000
0.999917 -0.005909 0.011437 -0.031400 0.006796 0.996840 -0.079149 11.044900 -0.010933 0.079221 0.996797 -0.697600 0.000000 0.000000 0.000000 1.000000
0.999891 -0.002266 0.014564 -0.031400 0.003317 0.997359 -0.072553 11.044900 -0.014361 0.072594 0.997258 -0.697600 0.000000 0.000000 0.000000 1.000000
0.999811 -0.006827 0.018195 -0.031400 0.008148 0.997256 -0.073578 11.044900 -0.017643 0.073712 0.997123 -0.697600 0.000000 0.000000 0.000000 1.000000
0.999748 -0.013610 0.017879 -0.031400 0.014978 0.996786 -0.078701 11.044900 -0.016751 0.078949 0.996738 -0.697600 0.000000 0.000000 0.000000 1.000000
0.999515 -0.017420 0.025798 -0.031400 0.019531 0.996279 -0.083950 11.044900 -0.024240 0.084413 0.996136 -0.697600 0.000000 0.000000 0.000000 1.000000
0.999225 -0.014697 0.036517 -0.031400 0.017741 0.996266 -0.084490 11.044900 -0.035139 0.085072 0.995755 -0.697600 0.000000 0.000000 0.000000 1.000000
0.998958 -0.008184 0.044895 -0.031400 0.011813 0.996629 -0.081185 11.044900 -0.044080 0.081630 0.995687 -0.697600 0.000000 0.000000 0.000000 1.000000
0.998678 -0.001478 0.051386 -0.031400 0.005463 0.996977 -0.077508 11.044900 -0.051116 0.077686 0.995667 -0.697600 0.000000 0.000000 0.000000 1.000000
0.998862 0.001724 0.047659 -0.031400 0.001795 0.997280 -0.073684 11.044900 -0.047656 0.073686 0.996142 -0.697600 0.000000 0.000000 0.000000 1.000000
0.999325 0.001218 0.036729 -0.031400 0.001487 0.997290 -0.073550 11.044900 -0.036719 0.073555 0.996615 -0.697600 0.000000 0.000000 0.000000 1.000000
0.999536 -0.005393 0.029973 -0.031400 0.007604 0.997219 -0.074140 11.044900 -0.029490 0.074334 0.996797 -0.697600 0.000000 0.000000 0.000000 1.000000
0.999662 -0.019688 0.016977 -0.031400 0.020825 0.997358 -0.069596 11.044900 -0.015562 0.069926 0.997431 -0.697600 0.000000 0.000000 0.000000 1.000000
0.998843 -0.046706 -0.011436 -0.031400 0.045909 0.997014 -0.062091 11.044900 0.014302 0.061494 0.998005 -0.697600 0.000000 0.000000 0.000000 1.000000
0.996380 -0.074268 -0.041355 -0.031400 0.072015 0.995966 -0.053531 11.044900 0.045164 0.050359 0.997709 -0.697600 0.000000 0.000000 0.000000 1.000000
0.992884 -0.098235 -0.067308 -0.031400 0.095486 0.994505 -0.042922 11.044900 0.071155 0.036190 0.996809 -0.697600 0.000000 0.000000 0.000000 1.000000
0.991952 -0.105505 -0.069998 -0.031400 0.103035 0.993951 -0.038008 11.044900 0.073585 0.030489 0.996823 -0.697600 0.000000 0.000000 0.000000 1.000000
0.995268 -0.089332 -0.038232 -0.031400 0.088030 0.995521 -0.034483 11.044900 0.041142 0.030954 0.998674 -0.697600 0.000000 0.000000 0.000000 1.000000
0.997968 -0.061840 0.015328 -0.031400 0.062236 0.997699 -0.026910 11.044900 -0.013629 0.027810 0.999520 -0.697600 0.000000 0.000000 0.000000 1.000000
0.997925 -0.037641 0.052243 -0.031400 0.039095 0.998868 -0.027098 11.044900 -0.051164 0.029085 0.998267 -0.697600 0.000000 0.000000 0.000000 1.000000
0.997193 -0.021037 0.071862 -0.031400 0.023201 0.999298 -0.029421 11.044900 -0.071192 0.031006 0.996981 -0.697600 0.000000 0.000000 0.000000 1.000000
0.998242 -0.028692 0.051860 -0.031400 0.030065 0.999213 -0.025887 11.044900 -0.051076 0.027400 0.998319 -0.697600 0.000000 0.000000 0.000000 1.000000
0.998870 -0.040556 0.024793 -0.031400 0.041082 0.998933 -0.021096 11.044900 -0.023911 0.022091 0.999470 -0.697600 0.000000 0.000000 0.000000 1.000000</float_array>
        <technique_common>
          <accessor source="#Spine1-Matrix-animation-output-transform-array" count="58" stride="16">
            <param type="float4x4"/>
          </accessor>
        </technique_common>
      </source>
      <source id="Spine1-Interpolations">
        <Name_array id="Spine1-Interpolations-array" count="58">
 LINEAR LINEAR LINEAR LINEAR LINEAR LINEAR LINEAR LINEAR LINEAR LINEAR LINEAR
LINEAR LINEAR LINEAR LINEAR LINEAR LINEAR LINEAR LINEAR LINEAR LINEAR LINEAR LINEAR
LINEAR LINEAR LINEAR LINEAR LINEAR LINEAR LINEAR LINEAR LINEAR LINEAR LINEAR LINEAR
LINEAR LINEAR LINEAR LINEAR LINEAR LINEAR LINEAR LINEAR LINEAR LINEAR LINEAR LINEAR
LINEAR LINEAR LINEAR LINEAR LINEAR LINEAR LINEAR LINEAR LINEAR LINEAR LINEAR</Name_array>
        <technique_common>
          <accessor source="#Spine1-Interpolations-array" count="58">
            <param type="name"/>
          </accessor>
        </technique_common>
      </source>
      <sampler id="Spine1-Matrix-animation-transform">
        <input semantic="INPUT" source="#Spine1-Matrix-animation-input"/>
        <input semantic="OUTPUT" source="#Spine1-Matrix-animation-output-transform"/>
        <input semantic="INTERPOLATION" source="#Spine1-Interpolations"/>
      </sampler>
      <channel source="#Spine1-Matrix-animation-transform" target="Spine1/matrix"/>
      <source id="Spine2-Matrix-animation-input">
        <float_array id="Spine2-Matrix-animation-input-array" count="58">

0.000000 0.033333 0.066667 0.100000 0.133333 0.166667 0.200000 0.233333 0.266667 0.300000 0.333333 0.366667 0.400000 0.433333 0.466667 0.500000
0.533333 0.566667 0.600000 0.633333 0.666667 0.700000 0.733333 0.766667 0.800000 0.833333 0.866667 0.900000 0.933333 0.966667 1.000000 1.033333
1.066667 1.100000 1.133333 1.166667 1.200000 1.233333 1.266667 1.300000 1.333333 1.366667 1.400000 1.433333 1.466667 1.500000 1.533333 1.566667
1.600000 1.633333 1.666667 1.700000 1.733333 1.766667 1.800000 1.833333 1.866667 1.900000</float_array>
        <technique_common>
          <accessor source="#Spine2-Matrix-animation-input-array" count="58">
            <param name="TIME" type="float"/>
          </accessor>
        </technique_common>
      </source>
      <source id="Spine2-Matrix-animation-output-transform">
        <float_array id="Spine2-Matrix-animation-output-transform-array" count="928">

0.999575 -0.018316 0.022667 -0.035900 0.018403 0.999824 -0.003651 8.068900 -0.022596 0.004067 0.999736 -1.087700 0.000000 0.000000 0.000000 1.000000
0.999753 -0.013348 0.017759 -0.035900 0.013357 0.999911 -0.000388 8.068900 -0.017752 0.000625 0.999842 -1.087700 0.000000 0.000000 0.000000 1.000000
0.999836 -0.010543 0.014725 -0.035900 0.010491 0.999938 0.003605 8.068900 -0.014762 -0.003450 0.999885 -1.087700 0.000000 0.000000 0.000000 1.000000
0.999802 -0.010675 0.016771 -0.035900 0.010514 0.999898 0.009693 8.068900 -0.016872 -0.009515 0.999812 -1.087700 0.000000 0.000000 0.000000 1.000000
0.999538 -0.014379 0.026764 -0.035900 0.013983 0.999791 0.014942 8.068900 -0.026973 -0.014561 0.999530 -1.087700 0.000000 0.000000 0.000000 1.000000
0.998708 -0.021364 0.046104 -0.035900 0.020640 0.999657 0.016130 8.068900 -0.046433 -0.015157 0.998806 -1.087700 0.000000 0.000000 0.000000 1.000000
0.997082 -0.032570 0.069042 -0.035900 0.031877 0.999430 0.011124 8.068900 -0.069365 -0.008891 0.997552 -1.087700 0.000000 0.000000 0.000000 1.000000
0.995594 -0.040095 0.084763 -0.035900 0.040300 0.999187 -0.000709 8.068900 -0.084666 0.004122 0.996401 -1.087700 0.000000 0.000000 0.000000 1.000000
0.994458 -0.042681 0.096085 -0.035900 0.044157 0.998936 -0.013290 8.068900 -0.095415 0.017459 0.995284 -1.087700 0.000000 0.000000 0.000000 1.000000
0.993066 -0.048538 0.107071 -0.035900 0.051253 0.998427 -0.022751 8.068900 -0.105799 0.028081 0.993991 -1.087700 0.000000 0.000000 0.000000 1.000000
0.993240 -0.050575 0.104482 -0.035900 0.053968 0.998095 -0.029905 8.068900 -0.102771 0.035341 0.994077 -1.087700 0.000000 0.000000 0.000000 1.000000
0.994207 -0.043067 0.098477 -0.035900 0.047488 0.997946 -0.042995 8.068900 -0.096423 0.047422 0.994210 -1.087700 0.000000 0.000000 0.000000 1.000000
0.995692 -0.025537 0.089135 -0.035900 0.030329 0.998143 -0.052822 8.068900 -0.087621 0.055298 0.994618 -1.087700 0.000000 0.000000 0.000000 1.000000
0.998031 -0.007520 0.062270 -0.035900 0.010732 0.998621 -0.051398 8.068900 -0.061797 0.051965 0.996735 -1.087700 0.000000 0.000000 0.000000 1.000000
0.999873 -0.004448 0.015318 -0.035900 0.005236 0.998647 -0.051745 8.068900 -0.015067 0.051819 0.998543 -1.087700 0.000000 0.000000 0.000000 1.000000
0.999856 0.011801 -0.012235 -0.035900 -0.012254 0.999217 -0.037617 8.068900 0.011782 0.037761 0.999217 -1.087700 0.000000 0.000000 0.000000 1.000000
0.999720 0.021026 -0.010866 -0.035900 -0.021348 0.999310 -0.030393 8.068900 0.010220 0.030617 0.999479 -1.087700 0.000000 0.000000 0.000000 1.000000
0.999741 0.014487 -0.017543 -0.035900 -0.014853 0.999671 -0.020929 8.068900 0.017234 0.021184 0.999627 -1.087700 0.000000 0.000000 0.000000 1.000000
0.999984 0.001814 -0.005368 -0.035900 -0.001826 0.999996 -0.002270 8.068900 0.005363 0.002279 0.999983 -1.087700 0.000000 0.000000 0.000000 1.000000
0.999719 0.016541 0.016982 -0.035900 -0.016893 0.999641 0.020799 8.068900 -0.016631 -0.021080 0.999639 -1.087700 0.000000 0.000000 0.000000 1.000000
0.999310 0.017518 0.032745 -0.035900 -0.018401 0.999470 0.026860 8.068900 -0.032257 -0.027444 0.999103 -1.087700 0.000000 0.000000 0.000000 1.000000
0.998644 0.012931 0.050419 -0.035900 -0.014105 0.999636 0.023003 8.068900 -0.050103 -0.023683 0.998463 -1.087700 0.000000 0.000000 0.000000 1.000000
0.997936 0.006648 0.063875 -0.035900 -0.008187 0.999682 0.023867 8.068900 -0.063696 -0.024341 0.997672 -1.087700 0.000000 0.000000 0.000000 1.000000
0.997188 0.003393 0.074860 -0.035900 -0.005371 0.999641 0.026245 8.068900 -0.074744 -0.026573 0.996849 -1.087700 0.000000 0.000000 0.000000 1.000000
0.996558 0.002627 0.082860 -0.035900 -0.004968 0.999594 0.028059 8.068900 -0.082753 -0.028374 0.996166 -1.087700 0.000000 0.000000 0.000000 1.000000
0.996081 -0.000732 0.088439 -0.035900 -0.001613 0.999649 0.026445 8.068900 -0.088428 -0.026484 0.995730 -1.087700 0.000000 0.000000 0.000000 1.000000
0.995571 -0.005641 0.093842 -0.035900 0.003334 0.999689 0.024722 8.068900 -0.093952 -0.024300 0.995280 -1.087700 0.000000 0.000000 0.000000 1.000000
0.995540 -0.017280 0.092741 -0.035900 0.015275 0.999635 0.022284 8.068900 -0.093092 -0.020768 0.995441 -1.087700 0.000000 0.000000 0.000000 1.000000
0.995751 -0.029387 0.087267 -0.035900 0.028289 0.999505 0.013791 8.068900 -0.087629 -0.011264 0.996089 -1.087700 0.000000 0.000000 0.000000 1.000000
0.996073 -0.048583 0.074016 -0.035900 0.048544 0.998818 0.002328 8.068900 -0.074042 0.001274 0.997254 -1.087700 0.000000 0.000000 0.000000 1.000000
0.996726 -0.059478 0.054772 -0.035900 0.060221 0.998113 -0.012017 8.068900 -0.053954 0.015276 0.998427 -1.087700 0.000000 0.000000 0.000000 1.000000
0.997670 -0.051530 0.044711 -0.035900 0.052759 0.998249 -0.026755 8.068900 -0.043254 0.029051 0.998642 -1.087700 0.000000 0.000000 0.000000 1.000000
0.998304 -0.049787 0.030180 -0.035900 0.051226 0.997488 -0.048932 8.068900 -0.027668 0.050395 0.998346 -1.087700 0.000000 0.000000 0.000000 1.000000
0.999426 -0.031837 0.011566 -0.035900 0.032460 0.997768 -0.058348 8.068900 -0.009683 0.058690 0.998229 -1.087700 0.000000 0.000000 0.000000 1.000000
0.999478 -0.025357 0.020029 -0.035900 0.026692 0.997227 -0.069468 8.068900 -0.018212 0.069967 0.997383 -1.087700 0.000000 0.000000 0.000000 1.000000
0.999703 -0.013572 0.020247 -0.035900 0.015137 0.996737 -0.079283 8.068900 -0.019105 0.079566 0.996646 -1.087700 0.000000 0.000000 0.000000 1.000000
