<?xml version="1.0" encoding="utf-8"?>
<COLLADA xmlns="http://www.collada.org/2005/11/COLLADASchema" version="1.4.1">
  <asset>
    <contributor>
      <author>Mixamo</author>
      <authoring_tool>COLLADA Mixamo exporter</authoring_tool>
      <comments/>
    </contributor>
    <created>2021-07-11T17:40:33Z</created>
    <modified>2021-07-11T17:40:33Z</modified>
    <revision/>
    <title/>
    <unit meter="0.010000"/>
    <up_axis>Y_UP</up_axis>
  </asset>
  <library_animations>
    <animation>
      <source id="Hips-Matrix-animation-input">
        <float_array id="Hips-Matrix-animation-input-array" count="34">

0.000000 0.033333 0.066667 0.100000 0.133333 0.166667 0.200000 0.233333 0.266667 0.300000 0.333333 0.366667 0.400000 0.433333 0.466667 0.500000
0.533333 0.566667 0.600000 0.633333 0.666667 0.700000 0.733333 0.766667 0.800000 0.833333 0.866667 0.900000 0.933333 0.966667 1.000000 1.033333
1.066667 1.100000</float_array>
        <technique_common>
          <accessor source="#Hips-Matrix-animation-input-array" count="34">
            <param name="TIME" type="float"/>
          </accessor>
        </technique_common>
      </source>
      <source id="Hips-Matrix-animation-output-transform">
        <float_array id="Hips-Matrix-animation-output-transform-array" count="544">

0.995088 0.095151 0.027307 0.131789 -0.093379 0.993813 -0.060135 94.192001 -0.032860 0.057290 0.997817 2.355091 0.000000 0.000000 0.000000 1.000000
0.996274 0.083161 0.022839 -0.452163 -0.081881 0.995273 -0.052217 96.305168 -0.027073 0.050152 0.998375 4.001094 0.000000 0.000000 0.000000 1.000000
0.998082 0.061899 0.000836 0.112197 -0.061768 0.996686 -0.052931 97.705917 -0.004110 0.052778 0.998598 4.864725 0.000000 0.000000 0.000000 1.000000
0.999123 0.029439 -0.029766 1.184953 -0.031233 0.997606 -0.061692 97.612686 0.027879 0.062568 0.997651 4.672586 0.000000 0.000000 0.000000 1.000000
0.998627 -0.005656 -0.052075 2.116162 0.001372 0.996637 -0.081932 95.695526 0.052363 0.081748 0.995277 4.779849 0.000000 0.000000 0.000000 1.000000
0.997611 -0.030294 -0.062080 2.775993 0.024934 0.996038 -0.085367 91.793205 0.064420 0.083615 0.994414 6.075191 0.000000 0.000000 0.000000 1.000000
0.996982 -0.036004 -0.068773 3.053261 0.033110 0.998536 -0.042769 86.497566 0.070212 0.040363 0.996715 8.012316 0.000000 0.000000 0.000000 1.000000
0.997112 -0.025297 -0.071610 2.919643 0.025868 0.999640 0.007070 82.111671 0.071406 -0.008902 0.997408 8.794348 0.000000 0.000000 0.000000 1.000000
0.997551 -0.003035 -0.069879 2.321551 0.005822 0.999194 0.039712 82.322617 0.069703 -0.040022 0.996765 6.156331 0.000000 0.000000 0.000000 1.000000
0.998964 0.016556 -0.042386 1.129474 -0.018371 0.998915 -0.042793 94.270790 0.041631 0.043528 0.998184 5.725605 0.000000 0.000000 0.000000 1.000000
0.999166 0.032829 0.024287 0.567367 -0.022323 0.937110 -0.348319 118.631493 -0.034194 0.347487 0.937061 11.227198 0.000000 0.000000 0.000000 1.000000
0.995590 0.050266 0.079205 0.958178 0.002907 0.827382 -0.561632 136.827118 -0.093764 0.559385 0.823588 11.156706 0.000000 0.000000 0.000000 1.000000
0.994241 0.059385 0.089213 1.279419 0.013750 0.754878 -0.655721 146.107208 -0.106285 0.653171 0.749714 6.365486 0.000000 0.000000 0.000000 1.000000
0.996009 0.064969 0.061202 1.944267 0.008185 0.616313 -0.787459 155.847504 -0.088880 0.784817 0.613321 3.695215 0.000000 0.000000 0.000000 1.000000
0.998388 0.049693 0.027429 2.922814 0.004857 0.406674 -0.913561 165.142059 -0.056553 0.912221 0.405777 2.171284 0.000000 0.000000 0.000000 1.000000
0.999170 0.040647 0.002746 4.106097 -0.002949 0.139387 -0.990234 172.843811 -0.040633 0.989403 0.139391 1.985811 0.000000 0.000000 0.000000 1.000000
0.998595 0.040814 -0.033802 5.253496 -0.025375 -0.191713 -0.981123 178.290558 -0.046524 0.980602 -0.190408 3.930709 0.000000 0.000000 0.000000 1.000000
0.996764 0.023952 -0.076729 5.880049 -0.051543 -0.542027 -0.838779 180.422897 -0.061680 0.840019 -0.539039 7.085579 0.000000 0.000000 0.000000 1.000000
0.994968 -0.005864 -0.100025 5.871804 -0.060610 -0.830152 -0.554233 179.981049 -0.079786 0.557506 -0.826330 10.800407 0.000000 0.000000 0.000000 1.000000
0.994629 -0.035941 -0.097060 5.596338 -0.052948 -0.982461 -0.178794 176.855118 -0.088932 0.182973 -0.979087 14.959304 0.000000 0.000000 0.000000 1.000000
0.994974 -0.060953 -0.079439 4.936492 -0.043249 -0.977158 0.208069 169.887024 -0.090307 -0.203588 -0.974883 18.477728 0.000000 0.000000 0.000000 1.000000
0.994847 -0.075469 -0.067710 4.233998 -0.024515 -0.827034 0.561618 159.695190 -0.098383 -0.557064 -0.824622 20.925327 0.000000 0.000000 0.000000 1.000000
0.995197 -0.074917 -0.063011 3.505926 0.011797 -0.547195 0.836922 145.608719 -0.097179 -0.833645 -0.543683 23.310659 0.000000 0.000000 0.000000 1.000000
0.996854 -0.055827 -0.056269 2.903033 0.045471 -0.178698 0.982853 125.040192 -0.064925 -0.982319 -0.175597 21.834711 0.000000 0.000000 0.000000 1.000000
0.998340 -0.027647 -0.050528 2.664400 0.055451 0.224111 0.972985 105.529251 -0.015576 -0.974171 0.225272 7.835616 0.000000 0.000000 0.000000 1.000000
0.998257 0.001121 -0.058998 2.496567 0.041013 0.705664 0.707358 99.609825 0.042426 -0.708545 0.704389 -2.627865 0.000000 0.000000 0.000000 1.000000
0.994969 0.029185 -0.095840 1.970475 0.006600 0.935454 0.353386 89.715309 0.099968 -0.352241 0.930555 -6.196084 0.000000 0.000000 0.000000 1.000000
0.995594 -0.066606 -0.066003 1.052606 0.060626 0.994203 -0.088798 80.615204 0.071535 0.084405 0.993860 -4.757633 0.000000 0.000000 0.000000 1.000000
0.996045 -0.071117 -0.053265 0.586320 0.061503 0.984484 -0.164341 75.880600 0.064126 0.160415 0.984964 -5.929441 0.000000 0.000000 0.000000 1.000000
0.997659 -0.057470 -0.037057 0.318643 0.049848 0.982182 -0.181198 78.957726 0.046811 0.178927 0.982748 -7.168542 0.000000 0.000000 0.000000 1.000000
0.999298 -0.029713 -0.022838 0.195003 0.025683 0.986779 -0.160021 85.859299 0.027291 0.159323 0.986849 -7.579493 0.000000 0.000000 0.000000 1.000000
0.999818 0.014988 -0.011777 0.394440 -0.016293 0.992661 -0.119826 89.285561 0.009895 0.119996 0.992725 -6.411259 0.000000 0.000000 0.000000 1.000000
0.998052 0.062143 0.005449 0.391402 -0.061511 0.994906 -0.079860 91.447525 -0.010384 0.079370 0.996791 -3.321235 0.000000 0.000000 0.000000 1.000000
0.995088 0.095151 0.027307 0.131792 -0.093379 0.993813 -0.060136 94.192009 -0.032860 0.057290 0.997817 2.355093 0.000000 0.000000 0.000000 1.000000</float_array>
        <technique_common>
          <accessor source="#Hips-Matrix-animation-output-transform-array" count="34" stride="16">
            <param type="float4x4"/>
          </accessor>
        </technique_common>
      </source>
      <source id="Hips-Interpolations">
        <Name_array id="Hips-Interpolations-array" count="34">
 LINEAR LINEAR LINEAR LINEAR LINEAR LINEAR LINEAR LINEAR LINEAR LINEAR LINEAR
LINEAR LINEAR LINEAR LINEAR LINEAR LINEAR LINEAR LINEAR LINEAR LINEAR LINEAR LINEAR
LINEAR LINEAR LINEAR LINEAR LINEAR LINEAR LINEAR LINEAR LINEAR LINEAR LINEAR</Name_array>
        <technique_common>
          <accessor source="#Hips-Interpolations-array" count="34">
            <param type="name"/>
          </accessor>
        </technique_common>
      </source>
      <sampler id="Hips-Matrix-animation-transform">
        <input semantic="INPUT" source="#Hips-Matrix-animation-input"/>
        <input semantic="OUTPUT" source="#Hips-Matrix-animation-output-transform"/>
        <input semantic="INTERPOLATION" source="#Hips-Interpolations"/>
      </sampler>
      <channel source="#Hips-Matrix-animation-transform" target="Hips/matrix"/>
      <source id="Spine-Matrix-animation-input">
        <float_array id="Spine-Matrix-animation-input-array" count="34">

0.000000 0.033333 0.066667 0.100000 0.133333 0.166667 0.200000 0.233333 0.266667 0.300000 0.333333 0.366667 0.400000 0.433333 0.466667 0.500000
0.533333 0.566667 0.600000 0.633333 0.666667 0.700000 0.733333 0.766667 0.800000 0.833333 0.866667 0.900000 0.933333 0.966667 1.000000 1.033333
1.066667 1.100000</float_array>
        <technique_common>
          <accessor source="#Spine-Matrix-animation-input-array" count="34">
            <param name="TIME" type="float"/>
          </accessor>
        </technique_common>
      </source>
      <source id="Spine-Matrix-animation-output-transform">
        <float_array id="Spine-Matrix-animation-output-transform-array" count="544">

0.998415 -0.051666 0.022317 0.000000 0.053390 0.994930 -0.085232 5.245300 -0.017800 0.086289 0.996111 0.258800 0.000000 0.000000 0.000000 1.000000
0.998447 -0.051693 0.020751 0.000000 0.053353 0.994549 -0.089590 5.245300 -0.016007 0.090558 0.995763 0.258800 0.000000 0.000000 0.000000 1.000000
0.998748 -0.045818 0.020084 -0.000000 0.047457 0.994755 -0.090607 5.245300 -0.015828 0.091446 0.995684 0.258800 0.000000 0.000000 0.000000 1.000000
0.999302 -0.032086 0.019120 -0.000000 0.033601 0.995810 -0.085053 5.245300 -0.016311 0.085636 0.996193 0.258800 0.000000 0.000000 0.000000 1.000000
0.999715 -0.017924 0.015737 0.000000 0.019053 0.997018 -0.074776 5.245300 -0.014350 0.075054 0.997076 0.258800 0.000000 0.000000 0.000000 1.000000
0.999896 -0.008493 0.011642 0.000000 0.009186 0.998107 -0.060806 5.245300 -0.011103 0.060906 0.998082 0.258800 0.000000 0.000000 0.000000 1.000000
0.999957 -0.003364 0.008587 0.000000 0.003785 0.998772 -0.049405 5.245300 -0.008410 0.049435 0.998742 0.258800 0.000000 0.000000 0.000000 1.000000
0.999965 -0.002765 0.007866 0.000000 0.003084 0.999159 -0.040880 5.245300 -0.007746 0.040903 0.999133 0.258800 0.000000 0.000000 0.000000 1.000000
0.999965 -0.004202 0.007234 0.000000 0.004510 0.999062 -0.043060 5.245300 -0.007047 0.043091 0.999046 0.258800 0.000000 0.000000 0.000000 1.000000
0.999996 0.001311 0.002358 0.000000 -0.001191 0.998737 -0.050223 5.245300 -0.002420 0.050220 0.998735 0.258800 0.000000 0.000000 0.000000 1.000000
0.999986 0.003609 -0.003991 0.000000 -0.003798 0.998826 -0.048303 5.245300 0.003812 0.048317 0.998825 0.258800 0.000000 0.000000 0.000000 1.000000
0.999961 0.001320 -0.008698 0.000000 -0.001904 0.997719 -0.067478 5.245300 0.008590 0.067492 0.997683 0.258800 0.000000 0.000000 0.000000 1.000000
0.999916 -0.000557 -0.012932 0.000000 -0.000635 0.995760 -0.091989 5.245300 0.012929 0.091989 0.995676 0.258800 0.000000 0.000000 0.000000 1.000000
0.999844 0.001319 -0.017588 0.000000 -0.003294 0.993618 -0.112749 5.245300 0.017327 0.112789 0.993468 0.258800 0.000000 0.000000 0.000000 1.000000
0.999679 0.008855 -0.023717 0.000000 -0.012100 0.990020 -0.140409 5.245300 0.022237 0.140651 0.989809 0.258800 0.000000 0.000000 0.000000 1.000000
0.999688 0.008763 -0.023410 0.000000 -0.012618 0.985365 -0.169987 5.245300 0.021578 0.170230 0.985168 0.258800 0.000000 0.000000 0.000000 1.000000
0.999875 0.003355 -0.015482 0.000000 -0.006181 0.982477 -0.186284 5.245300 0.014585 0.186356 0.982374 0.258800 0.000000 0.000000 0.000000 1.000000
0.999935 0.004375 -0.010534 0.000000 -0.006265 0.982389 -0.186744 5.245300 0.009531 0.186798 0.982352 0.258800 0.000000 0.000000 0.000000 1.000000
0.999942 0.005871 -0.009036 0.000000 -0.007400 0.983680 -0.179776 5.245300 0.007833 0.179833 0.983666 0.258800 0.000000 0.000000 0.000000 1.000000
0.999944 0.004793 -0.009460 0.000000 -0.006353 0.984996 -0.172461 5.245300 0.008492 0.172512 0.984971 0.258800 0.000000 0.000000 0.000000 1.000000
0.999935 0.003920 -0.010676 -0.000000 -0.005697 0.985096 -0.171910 5.245300 0.009843 0.171959 0.985055 0.258800 0.000000 0.000000 0.000000 1.000000
0.999959 0.001089 -0.009043 0.000000 -0.002657 0.984532 -0.175185 5.245300 0.008713 0.175201 0.984494 0.258800 0.000000 0.000000 0.000000 1.000000
0.999986 -0.003298 -0.004098 0.000000 0.002527 0.984431 -0.175755 5.245300 0.004614 0.175742 0.984425 0.258800 0.000000 0.000000 0.000000 1.000000
0.999962 -0.008319 0.002732 0.000000 0.008658 0.985966 -0.166724 5.245300 -0.001306 0.166742 0.986000 0.258800 0.000000 0.000000 0.000000 1.000000
0.999882 -0.012472 0.008919 0.000000 0.013741 0.986968 -0.160329 5.245300 -0.006803 0.160433 0.987023 0.258800 0.000000 0.000000 0.000000 1.000000
0.999677 -0.020004 0.015681 0.000000 0.021972 0.990267 -0.137437 5.245300 -0.012779 0.137737 0.990386 0.258800 0.000000 0.000000 0.000000 1.000000
0.999691 -0.023155 0.009024 -0.000000 0.024075 0.992411 -0.120583 5.245300 -0.006163 0.120763 0.992662 0.258800 0.000000 0.000000 0.000000 1.000000
0.999981 0.000271 -0.006121 0.000000 -0.000646 0.998114 -0.061379 5.245300 0.006093 0.061382 0.998096 0.258800 0.000000 0.000000 0.000000 1.000000
0.999989 0.003552 -0.003058 0.000000 -0.003730 0.998160 -0.060527 5.245300 0.002838 0.060537 0.998162 0.258800 0.000000 0.000000 0.000000 1.000000
0.999993 0.003343 -0.001592 0.000000 -0.003437 0.997974 -0.063527 5.245300 0.001377 0.063532 0.997979 0.258800 0.000000 0.000000 0.000000 1.000000
0.999992 -0.001572 0.003576 0.000000 0.001815 0.997620 -0.068928 5.245300 -0.003459 0.068934 0.997615 0.258800 0.000000 0.000000 0.000000 1.000000
0.999711 -0.018888 0.014854 0.000000 0.019953 0.996972 -0.075152 5.245300 -0.013390 0.075427 0.997061 0.258800 0.000000 0.000000 0.000000 1.000000
0.998977 -0.039636 0.021758 0.000000 0.041274 0.995872 -0.080847 5.245300 -0.018464 0.081663 0.996489 0.258800 0.000000 0.000000 0.000000 1.000000
0.998414 -0.051695 0.022316 0.000000 0.053420 0.994928 -0.085233 5.245300 -0.017797 0.086290 0.996111 0.258800 0.000000 0.000000 0.000000 1.000000</float_array>
        <technique_common>
          <accessor source="#Spine-Matrix-animation-output-transform-array" count="34" stride="16">
            <param type="float4x4"/>
          </accessor>
        </technique_common>
      </source>
      <source id="Spine-Interpolations">
        <Name_array id="Spine-Interpolations-array" count="34">
 LINEAR LINEAR LINEAR LINEAR LINEAR LINEAR LINEAR LINEAR LINEAR LINEAR LINEAR
LINEAR LINEAR LINEAR LINEAR LINEAR LINEAR LINEAR LINEAR LINEAR LINEAR LINEAR LINEAR
LINEAR LINEAR LINEAR LINEAR LINEAR LINEAR LINEAR LINEAR LINEAR LINEAR LINEAR</Name_array>
        <technique_common>
          <accessor source="#Spine-Interpolations-array" count="34">
            <param type="name"/>
          </accessor>
        </technique_common>
      </source>
      <sampler id="Spine-Matrix-animation-transform">
        <input semantic="INPUT" source="#Spine-Matrix-animation-input"/>
        <input semantic="OUTPUT" source="#Spine-Matrix-animation-output-transform"/>
        <input semantic="INTERPOLATION" source="#Spine-Interpolations"/>
      </sampler>
      <channel source="#Spine-Matrix-animation-transform" target="Spine/matrix"/>
      <source id="Spine1-Matrix-animation-input">
        <float_array id="Spine1-Matrix-animation-input-array" count="34">

0.000000 0.033333 0.066667 0.100000 0.133333 0.166667 0.200000 0.233333 0.266667 0.300000 0.333333 0.366667 0.400000 0.433333 0.466667 0.500000
0.533333 0.566667 0.600000 0.633333 0.666667 0.700000 0.733333 0.766667 0.800000 0.833333 0.866667 0.900000 0.933333 0.966667 1.000000 1.033333
1.066667 1.100000</float_array>
        <technique_common>
          <accessor source="#Spine1-Matrix-animation-input-array" count="34">
            <param name="TIME" type="float"/>
          </accessor>
        </technique_common>
      </source>
      <source id="Spine1-Matrix-animation-output-transform">
        <float_array id="Spine1-Matrix-animation-output-transform-array" count="544">

0.998355 -0.030016 0.048854 -0.031400 0.037968 0.984541 -0.170987 11.044900 -0.042967 0.172561 0.984061 -0.697600 0.000000 0.000000 0.000000 1.000000
0.998589 -0.028678 0.044698 -0.031400 0.036271 0.983076 -0.179574 11.044900 -0.038791 0.180942 0.982728 -0.697600 0.000000 0.000000 0.000000 1.000000
0.998912 -0.027544 0.037619 -0.031400 0.033930 0.982835 -0.181338 11.044900 -0.031979 0.182417 0.982701 -0.697600 0.000000 0.000000 0.000000 1.000000
0.999258 -0.024798 0.029463 -0.031400 0.029454 0.985018 -0.169917 11.044900 -0.024808 0.170659 0.985018 -0.697600 0.000000 0.000000 0.000000 1.000000
0.999588 -0.018824 0.021683 -0.031400 0.021854 0.988560 -0.149238 11.044900 -0.018626 0.149650 0.988564 -0.697600 0.000000 0.000000 0.000000 1.000000
0.999762 -0.013997 0.016750 -0.031400 0.015928 0.992482 -0.121349 11.044900 -0.014925 0.121587 0.992469 -0.697600 0.000000 0.000000 0.000000 1.000000
0.999795 -0.012644 0.015805 -0.031400 0.014142 0.995028 -0.098582 11.044900 -0.014480 0.098785 0.995003 -0.697600 0.000000 0.000000 0.000000 1.000000
0.999763 -0.013036 0.017420 -0.031400 0.014415 0.996564 -0.081564 11.044900 -0.016296 0.081795 0.996516 -0.697600 0.000000 0.000000 0.000000 1.000000
0.999888 -0.005180 0.014011 -0.031400 0.006367 0.996272 -0.086038 11.044900 -0.013513 0.086117 0.996193 -0.697600 0.000000 0.000000 0.000000 1.000000
0.999911 0.013220 0.001804 -0.031400 -0.012972 0.994868 -0.100344 11.044900 -0.003121 0.100311 0.994951 -0.697600 0.000000 0.000000 0.000000 1.000000
0.999860 0.012584 -0.011011 -0.031400 -0.013588 0.995247 -0.096428 11.044900 0.009745 0.096564 0.995279 -0.697600 0.000000 0.000000 0.000000 1.000000
0.999861 -0.000189 -0.016688 -0.031400 -0.002061 0.990890 -0.134659 11.044900 0.016562 0.134675 0.990751 -0.697600 0.000000 0.000000 0.000000 1.000000
0.999673 -0.004660 -0.025147 -0.031400 -0.000026 0.983070 -0.183228 11.044900 0.025575 0.183169 0.982749 -0.697600 0.000000 0.000000 0.000000 1.000000
0.999314 0.002053 -0.036975 -0.031400 -0.010288 0.974550 -0.223935 11.044900 0.035575 0.224162 0.973902 -0.697600 0.000000 0.000000 0.000000 1.000000
0.998638 0.015981 -0.049668 -0.031400 -0.029174 0.960248 -0.277620 11.044900 0.043257 0.278691 0.959406 -0.697600 0.000000 0.000000 0.000000 1.000000
0.998400 0.019514 -0.053067 -0.031400 -0.036179 0.941751 -0.334360 11.044900 0.043451 0.335745 0.940950 -0.697600 0.000000 0.000000 0.000000 1.000000
0.998972 0.015075 -0.042760 -0.031400 -0.029683 0.930349 -0.365472 11.044900 0.034272 0.366365 0.929840 -0.697600 0.000000 0.000000 0.000000 1.000000
0.999404 0.017501 -0.029749 -0.031400 -0.027197 0.929998 -0.366558 11.044900 0.021251 0.367148 0.929920 -0.697600 0.000000 0.000000 0.000000 1.000000
0.999689 0.015859 -0.019245 -0.031400 -0.021641 0.935170 -0.353538 11.044900 0.012391 0.353844 0.935222 -0.697600 0.000000 0.000000 0.000000 1.000000
0.999786 0.010100 -0.018053 -0.031400 -0.015633 0.940416 -0.339667 11.044900 0.013547 0.339876 0.940373 -0.697600 0.000000 0.000000 0.000000 1.000000
0.999666 0.008409 -0.024453 -0.031400 -0.016195 0.940803 -0.338566 11.044900 0.020159 0.338848 0.940625 -0.697600 0.000000 0.000000 0.000000 1.000000
0.999586 0.006152 -0.028116 -0.031400 -0.015473 0.938566 -0.344752 11.044900 0.024267 0.345044 0.938273 -0.697600 0.000000 0.000000 0.000000 1.000000
0.999647 0.002236 -0.026489 -0.031400 -0.011262 0.938223 -0.345847 11.044900 0.024079 0.346023 0.937917 -0.697600 0.000000 0.000000 0.000000 1.000000
0.999755 -0.003092 -0.021917 -0.031400 -0.004285 0.944432 -0.328680 11.044900 0.021715 0.328693 0.944187 -0.697600 0.000000 0.000000 0.000000 1.000000
0.999793 -0.003928 -0.019964 -0.031400 -0.002592 0.948596 -0.316479 11.044900 0.020181 0.316466 0.948389 -0.697600 0.000000 0.000000 0.000000 1.000000
0.999962 -0.008559 -0.001907 -0.031400 0.007716 0.962119 -0.272519 11.044900 0.004167 0.272494 0.962149 -0.697600 0.000000 0.000000 0.000000 1.000000
0.999254 -0.036055 0.013816 -0.031400 0.038315 0.970178 -0.239344 11.044900 -0.004775 0.239695 0.970836 -0.697600 0.000000 0.000000 0.000000 1.000000
0.999583 0.011880 -0.026313 -0.031400 -0.015014 0.992379 -0.122304 11.044900 0.024660 0.122648 0.992144 -0.697600 0.000000 0.000000 0.000000 1.000000
0.999572 0.019787 -0.021529 -0.031400 -0.022244 0.992450 -0.120614 11.044900 0.018980 0.121042 0.992466 -0.697600 0.000000 0.000000 0.000000 1.000000
0.999793 0.016983 -0.011178 -0.031400 -0.018264 0.991772 -0.126707 11.044900 0.008934 0.126885 0.991877 -0.697600 0.000000 0.000000 0.000000 1.000000
0.999971 0.007065 0.002797 -0.031400 -0.006613 0.990472 -0.137558 11.044900 -0.003742 0.137535 0.990490 -0.697600 0.000000 0.000000 0.000000 1.000000
0.999804 -0.006374 0.018739 -0.031400 0.009118 0.988612 -0.150210 11.044900 -0.017568 0.150352 0.988476 -0.697600 0.000000 0.000000 0.000000 1.000000
0.999197 -0.019847 0.034809 -0.031400 0.025240 0.986457 -0.162065 11.044900 -0.031121 0.162813 0.986166 -0.697600 0.000000 0.000000 0.000000 1.000000
0.998353 -0.030075 0.048855 -0.031400 0.038026 0.984539 -0.170987 11.044900 -0.042957 0.172563 0.984061 -0.697600 0.000000 0.000000 0.000000 1.000000</float_array>
        <technique_common>
          <accessor source="#Spine1-Matrix-animation-output-transform-array" count="34" stride="16">
            <param type="float4x4"/>
          </accessor>
        </technique_common>
      </source>
      <source id="Spine1-Interpolations">
        <Name_array id="Spine1-Interpolations-array" count="34">
 LINEAR LINEAR LINEAR LINEAR LINEAR LINEAR LINEAR LINEAR LINEAR LINEAR LINEAR
LINEAR LINEAR LINEAR LINEAR LINEAR LINEAR LINEAR LINEAR LINEAR LINEAR LINEAR LINEAR
LINEAR LINEAR LINEAR LINEAR LINEAR LINEAR LINEAR LINEAR LINEAR LINEAR LINEAR</Name_array>
        <technique_common>
          <accessor source="#Spine1-Interpolations-array" count="34">
            <param type="name"/>
          </accessor>
        </technique_common>
      </source>
      <sampler id="Spine1-Matrix-animation-transform">
        <input semantic="INPUT" source="#Spine1-Matrix-animation-input"/>
        <input semantic="OUTPUT" source="#Spine1-Matrix-animation-output-transform"/>
        <input semantic="INTERPOLATION" source="#Spine1-Interpolations"/>
      </sampler>
      <channel source="#Spine1-Matrix-animation-transform" target="Spine1/matrix"/>
      <source id="Spine2-Matrix-animation-input">
        <float_array id="Spine2-Matrix-animation-input-array" count="34">

0.000000 0.033333 0.066667 0.100000 0.133333 0.166667 0.200000 0.233333 0.266667 0.300000 0.333333 0.366667 0.400000 0.433333 0.466667 0.500000
0.533333 0.566667 0.600000 0.633333 0.666667 0.700000 0.733333 0.766667 0.800000 0.833333 0.866667 0.900000 0.933333 0.966667 1.000000 1.033333
1.066667 1.100000</float_array>
        <technique_common>
          <accessor source="#Spine2-Matrix-animation-input-array" count="34">
            <param name="TIME" type="float"/>
          </accessor>
        </technique_common>
      </source>
      <source id="Spine2-Matrix-animation-output-transform">
        <float_array id="Spine2-Matrix-animation-output-transform-array" count="544">

0.998355 -0.030016 0.048854 -0.035900 0.037968 0.984541 -0.170987 8.068900 -0.042967 0.172561 0.984061 -1.087700 0.000000 0.000000 0.000000 1.000000
0.998589 -0.028678 0.044698 -0.035900 0.036271 0.983076 -0.179574 8.068900 -0.038791 0.180942 0.982728 -1.087700 0.000000 0.000000 0.000000 1.000000
0.998912 -0.027544 0.037619 -0.035900 0.033930 0.982835 -0.181338 8.068900 -0.031979 0.182417 0.982701 -1.087700 0.000000 0.000000 0.000000 1.000000
0.999258 -0.024798 0.029463 -0.035900 0.029454 0.985018 -0.169917 8.068900 -0.024808 0.170659 0.985018 -1.087700 0.000000 0.000000 0.000000 1.000000
0.999588 -0.018824 0.021683 -0.035900 0.021854 0.988560 -0.149238 8.068900 -0.018626 0.149650 0.988564 -1.087700 0.000000 0.000000 0.000000 1.000000
0.999762 -0.013997 0.016750 -0.035900 0.015928 0.992482 -0.121349 8.068900 -0.014925 0.121587 0.992469 -1.087700 0.000000 0.000000 0.000000 1.000000
0.999795 -0.012644 0.015805 -0.035900 0.014142 0.995028 -0.098582 8.068900 -0.014480 0.098785 0.995003 -1.087700 0.000000 0.000000 0.000000 1.000000
0.999763 -0.013036 0.017420 -0.035900 0.014415 0.996564 -0.081564 8.068900 -0.016296 0.081795 0.996516 -1.087700 0.000000 0.000000 0.000000 1.000000
0.999888 -0.005180 0.014011 -0.035900 0.006367 0.996272 -0.086038 8.068900 -0.013513 0.086117 0.996193 -1.087700 0.000000 0.000000 0.000000 1.000000
0.999911 0.013220 0.001804 -0.035900 -0.012972 0.994868 -0.100344 8.068900 -0.003121 0.100311 0.994951 -1.087700 0.000000 0.000000 0.000000 1.000000
0.999860 0.012584 -0.011011 -0.035900 -0.013588 0.995247 -0.096428 8.068900 0.009745 0.096564 0.995279 -1.087700 0.000000 0.000000 0.000000 1.000000
0.999861 -0.000189 -0.016688 -0.035900 -0.002061 0.990890 -0.134659 8.068900 0.016562 0.134675 0.990751 -1.087700 0.000000 0.000000 0.000000 1.000000
0.999673 -0.004660 -0.025147 -0.035900 -0.000026 0.983070 -0.183228 8.068900 0.025575 0.183169 0.982749 -1.087700 0.000000 0.000000 0.000000 1.000000
0.999314 0.002053 -0.036975 -0.035900 -0.010288 0.974550 -0.223935 8.068900 0.035575 0.224162 0.973902 -1.087700 0.000000 0.000000 0.000000 1.000000
0.998638 0.015981 -0.049668 -0.035900 -0.029174 0.960248 -0.277620 8.068900 0.043257 0.278691 0.959406 -1.087700 0.000000 0.000000 0.000000 1.000000
0.998400 0.019514 -0.053067 -0.035900 -0.036179 0.941751 -0.334360 8.068900 0.043451 0.335745 0.940950 -1.087700 0.000000 0.000000 0.000000 1.000000
0.998972 0.015075 -0.042760 -0.035900 -0.029683 0.930349 -0.365472 8.068900 0.034273 0.366365 0.929840 -1.087700 0.000000 0.000000 0.000000 1.000000
0.999404 0.017501 -0.029749 -0.035900 -0.027197 0.929998 -0.366557 8.068900 0.021251 0.367148 0.929920 -1.087700 0.000000 0.000000 0.000000 1.000000
0.999689 0.015859 -0.019245 -0.035900 -0.021641 0.935170 -0.353538 8.068900 0.012391 0.353844 0.935222 -1.087700 0.000000 0.000000 0.000000 1.000000
0.999786 0.010100 -0.018053 -0.035900 -0.015633 0.940416 -0.339667 8.068900 0.013546 0.339876 0.940373 -1.087700 0.000000 0.000000 0.000000 1.000000
0.999666 0.008408 -0.024453 -0.035900 -0.016195 0.940803 -0.338565 8.068900 0.020159 0.338848 0.940625 -1.087700 0.000000 0.000000 0.000000 1.000000
0.999586 0.006152 -0.028116 -0.035900 -0.015473 0.938566 -0.344752 8.068900 0.024267 0.345044 0.938273 -1.087700 0.000000 0.000000 0.000000 1.000000
0.999647 0.002236 -0.026489 -0.035900 -0.011262 0.938223 -0.345847 8.068900 0.024079 0.346023 0.937917 -1.087700 0.000000 0.000000 0.000000 1.000000
0.999755 -0.003092 -0.021917 -0.035900 -0.004285 0.944432 -0.328679 8.068900 0.021715 0.328693 0.944187 -1.087700 0.000000 0.000000 0.000000 1.000000
0.999793 -0.003928 -0.019964 -0.035900 -0.002592 0.948596 -0.316479 8.068900 0.020181 0.316466 0.948389 -1.087700 0.000000 0.000000 0.000000 1.000000
0.999962 -0.008559 -0.001907 -0.035900 0.007716 0.962120 -0.272519 8.068900 0.004167 0.272494 0.962149 -1.087700 0.000000 0.000000 0.000000 1.000000
0.999254 -0.036055 0.013816 -0.035900 0.038315 0.970178 -0.239344 8.068900 -0.004775 0.239695 0.970836 -1.087700 0.000000 0.000000 0.000000 1.000000
0.999583 0.011880 -0.026313 -0.035900 -0.015014 0.992379 -0.122304 8.068900 0.024660 0.122648 0.992144 -1.087700 0.000000 0.000000 0.000000 1.000000
0.999572 0.019787 -0.021529 -0.035900 -0.022244 0.992450 -0.120614 8.068900 0.018980 0.121042 0.992466 -1.087700 0.000000 0.000000 0.000000 1.000000
0.999793 0.016983 -0.011178 -0.035900 -0.018264 0.991772 -0.126707 8.068900 0.008934 0.126885 0.991877 -1.087700 0.000000 0.000000 0.000000 1.000000
0.999971 0.007065 0.002797 -0.035900 -0.006613 0.990472 -0.137558 8.068900 -0.003742 0.137535 0.990490 -1.087700 0.000000 0.000000 0.000000 1.000000
0.999804 -0.006374 0.018739 -0.035900 0.009118 0.988612 -0.150211 8.068900 -0.017568 0.150352 0.988476 -1.087700 0.000000 0.000000 0.000000 1.000000
0.999197 -0.019847 0.034809 -0.035900 0.025240 0.986457 -0.162065 8.068900 -0.031121 0.162813 0.986166 -1.087700 0.000000 0.000000 0.000000 1.000000
0.998353 -0.030075 0.048855 -0.035900 0.038026 0.984539 -0.170987 8.068900 -0.042957 0.172563 0.984061 -1.087700 0.000000 0.000000 0.000000 1.000000</float_array>
        <technique_common>
          <accessor source="#Spine2-Matrix-animation-output-transform-array" count="34" stride="16">
            <param type="float4x4"/>
          </accessor>
        </technique_common>
      </source>
      <source id="Spine2-Interpolations">
        <Name_array id="Spine2-Interpolations-array" count="34">
 LINEAR LINEAR LINEAR LINEAR LINEAR LINEAR LINEAR LINEAR LINEAR LINEAR LINEAR
LINEAR LINEAR LINEAR LINEAR LINEAR LINEAR LINEAR LINEAR LINEAR LINEAR LINEAR LINEAR
LINEAR LINEAR LINEAR LINEAR LINEAR LINEAR LINEAR LINEAR LINEAR LINEAR LINEAR</Name_array>
        <technique_common>
          <accessor source="#Spine2-Interpolations-array" count="34">
            <param type="name"/>
          </accessor>
        </technique_common>
      </source>
      <sampler id="Spine2-Matrix-animation-transform">
        <input semantic="INPUT" source="#Spine2-Matrix-animation-input"/>
        <input semantic="OUTPUT" source="#Spine2-Matrix-animation-output-transform"/>
        <input semantic="INTERPOLATION" source="#Spine2-Interpolations"/>
      </sampler>
      <channel source="#Spine2-Matrix-animation-transform" target="Spine2/matrix"/>
      <source id="Neck-Matrix-animation-input">
        <float_array id="Neck-Matrix-animation-input-array" count="34">

0.000000 0.033333 0.066667 0.100000 0.133333 0.166667 0.200000 0.233333 0.266667 0.300000 0.333333 0.366667 0.400000 0.433333 0.466667 0.500000
0.533333 0.566667 0.600000 0.633333 0.666667 0.700000 0.733333 0.766667 0.800000 0.833333 0.866667 0.900000 0.933333 0.966667 1.000000 1.033333
1.066667 1.100000</float_array>
        <technique_common>
          <accessor source="#Neck-Matrix-animation-input-array" count="34">
            <param name="TIME" type="float"/>
          </accessor>
        </technique_common>
      </source>
      <source id="Neck-Matrix-animation-output-transform">
        <float_array id="Neck-Matrix-animation-output-transform-array" count="544">

0.998465 0.007577 -0.054863 -0.040300 -0.000366 0.991478 0.130270 18.919500 0.055382 -0.130050 0.989959 -3.736100 0.000000 0.000000 0.000000 1.000000
0.998542 0.025733 -0.047455 -0.040300 -0.020566 0.994118 0.106327 18.919500 0.049912 -0.105196 0.993198 -3.736100 0.000000 0.000000 0.000000 1.000000
0.997888 0.054200 -0.035804 -0.040300 -0.051670 0.996334 0.068179 18.919500 0.039368 -0.066186 0.997030 -3.736100 0.000000 0.000000 0.000000 1.000000
0.996192 0.084447 -0.021696 -0.040300 -0.083795 0.996049 0.029392 18.919500 0.024093 -0.027462 0.999332 -3.736100 0.000000 0.000000 0.000000 1.000000
0.993681 0.111879 -0.008988 -0.040300 -0.112048 0.993475 -0.021281 18.919500 0.006549 0.022154 0.999733 -3.736100 0.000000 0.000000 0.000000 1.000000
0.991347 0.131208 -0.004064 -0.040300 -0.130966 0.986463 -0.098686 18.919500 -0.008939 0.098364 0.995110 -3.736100 0.000000 0.000000 0.000000 1.000000
0.990641 0.136427 -0.004163 -0.040300 -0.135128 0.975996 -0.170796 18.919500 -0.019238 0.169760 0.985298 -3.736100 0.000000 0.000000 0.000000 1.000000
0.992181 0.124722 -0.004568 -0.040300 -0.122964 0.970627 -0.206792 18.919500 -0.021358 0.205736 0.978374 -3.736100 0.000000 0.000000 0.000000 1.000000
0.994224 0.107084 -0.007208 -0.040300 -0.105875 0.967566 -0.229361 18.919500 -0.017587 0.228799 0.973315 -3.736100 0.000000 0.000000 0.000000 1.000000
0.992525 0.121887 -0.006143 -0.040300 -0.119884 0.964314 -0.236066 18.919500 -0.022849 0.235038 0.971718 -3.736100 0.000000 0.000000 0.000000 1.000000
0.986239 0.165231 0.005616 -0.040300 -0.159961 0.962261 -0.220150 18.919500 -0.041780 0.216223 0.975450 -3.736100 0.000000 0.000000 0.000000 1.000000
0.985262 0.170469 0.014122 -0.040300 -0.160923 0.951736 -0.261347 18.919500 -0.057992 0.255222 0.965142 -3.736100 0.000000 0.000000 0.000000 1.000000
0.990770 0.134220 0.018966 -0.040300 -0.118691 0.926572 -0.356900 18.919500 -0.065476 0.351355 0.933950 -3.736100 0.000000 0.000000 0.000000 1.000000
0.993790 0.106063 0.033659 -0.040300 -0.086691 0.927600 -0.363378 18.919500 -0.069763 0.358203 0.931034 -3.736100 0.000000 0.000000 0.000000 1.000000
0.994490 0.091931 0.050383 -0.040300 -0.076303 0.964333 -0.253456 18.919500 -0.071887 0.248215 0.966034 -3.736100 0.000000 0.000000 0.000000 1.000000
0.995003 0.076494 0.064175 -0.040300 -0.064900 0.983897 -0.166535 18.919500 -0.075880 0.161538 0.983945 -3.736100 0.000000 0.000000 0.000000 1.000000
0.995053 0.064035 0.075956 -0.040300 -0.049073 0.981578 -0.184650 18.919500 -0.086381 0.180009 0.979865 -3.736100 0.000000 0.000000 0.000000 1.000000
0.994458 0.064286 0.083196 -0.040300 -0.037558 0.956293 -0.289988 18.919500 -0.098202 0.285256 0.953407 -3.736100 0.000000 0.000000 0.000000 1.000000
0.994491 0.064564 0.082575 -0.040300 -0.021064 0.894810 -0.445950 18.919500 -0.102681 0.441754 0.891241 -3.736100 0.000000 0.000000 0.000000 1.000000
0.994885 0.055505 0.084395 -0.040300 0.000810 0.831089 -0.556139 18.919500 -0.101008 0.553363 0.826793 -3.736100 0.000000 0.000000 0.000000 1.000000
0.994762 0.048568 0.089948 -0.040300 0.010793 0.825097 -0.564888 18.919500 -0.101651 0.562899 0.820251 -3.736100 0.000000 0.000000 0.000000 1.000000
0.994478 0.049256 0.092673 -0.040300 0.007632 0.846746 -0.531943 18.919500 -0.104672 0.529713 0.841694 -3.736100 0.000000 0.000000 0.000000 1.000000
0.994527 0.056551 0.087848 -0.040300 -0.002922 0.855568 -0.517682 18.919500 -0.104435 0.514592 0.851051 -3.736100 0.000000 0.000000 0.000000 1.000000
0.994568 0.065222 0.081121 -0.040300 -0.014781 0.859942 -0.510178 18.919500 -0.103034 0.506208 0.856234 -3.736100 0.000000 0.000000 0.000000 1.000000
0.994474 0.062716 0.084193 -0.040300 -0.014335 0.875565 -0.482888 18.919500 -0.104002 0.479012 0.871625 -3.736100 0.000000 0.000000 0.000000 1.000000
0.994313 0.055635 0.090811 -0.040300 -0.017914 0.927924 -0.372340 18.919500 -0.104981 0.368596 0.923643 -3.736100 0.000000 0.000000 0.000000 1.000000
0.988674 0.121340 0.088319 -0.040300 -0.103482 0.977388 -0.184403 18.919500 -0.108697 0.173176 0.978874 -3.736100 0.000000 0.000000 0.000000 1.000000
0.992216 0.081569 0.094099 -0.040300 -0.082778 0.996527 0.009006 18.919500 -0.093037 -0.016725 0.995522 -3.736100 0.000000 0.000000 0.000000 1.000000
0.989338 0.096827 0.108787 -0.040300 -0.109685 0.986794 0.119195 18.919500 -0.095809 -0.129856 0.986893 -3.736100 0.000000 0.000000 0.000000 1.000000
0.986625 0.107090 0.122897 -0.040300 -0.116265 0.990743 0.070072 18.919500 -0.114255 -0.083423 0.989943 -3.736100 0.000000 0.000000 0.000000 1.000000
0.990449 0.096700 0.098290 -0.040300 -0.103344 0.992525 0.064916 18.919500 -0.091278 -0.074454 0.993038 -3.736100 0.000000 0.000000 0.000000 1.000000
0.996354 0.075321 0.040060 -0.040300 -0.079905 0.988430 0.128926 18.919500 -0.029885 -0.131657 0.990845 -3.736100 0.000000 0.000000 0.000000 1.000000
0.999107 0.037331 -0.019789 -0.040300 -0.034391 0.990602 0.132378 18.919500 0.024545 -0.131579 0.991002 -3.736100 0.000000 0.000000 0.000000 1.000000
0.998465 0.007577 -0.054863 -0.040300 -0.000366 0.991478 0.130270 18.919500 0.055382 -0.130050 0.989959 -3.736100 0.000000 0.000000 0.000000 1.000000</float_array>
        <technique_common>
          <accessor source="#Neck-Matrix-animation-output-transform-array" count="34" stride="16">
            <param type="float4x4"/>
          </accessor>
        </technique_common>
      </source>
      <source id="Neck-Interpolations">
        <Name_array id="Neck-Interpolations-array" count="34">
 LINEAR LINEAR LINEAR LINEAR LINEAR LINEAR LINEAR LINEAR LINEAR LINEAR LINEAR
LINEAR LINEAR LINEAR LINEAR LINEAR LINEAR LINEAR LINEAR LINEAR LINEAR LINEAR LINEAR
LINEAR LINEAR LINEAR LINEAR LINEAR LINEAR LINEAR LINEAR LINEAR LINEAR LINEAR</Name_array>
        <technique_common>
          <accessor source="#Neck-Interpolations-array" count="34">
            <param type="name"/>
          </accessor>
        </technique_common>
      </source>
      <sampler id="Neck-Matrix-animation-transform">
        <input semantic="INPUT" source="#Neck-Matrix-animation-input"/>
        <input semantic="OUTPUT" source="#Neck-Matrix-animation-output-transform"/>
        <input semantic="INTERPOLATION" source="#Neck-Interpolations"/>
      </sampler>
      <channel source="#Neck-Matrix-animation-transform" target="Neck/matrix"/>
      <source id="Head-Matrix-animation-input">
        <float_array id="Head-Matrix-animation-input-array" count="34">

0.000000 0.033333 0.066667 0.100000 0.133333 0.166667 0.200000 0.233333 0.266667 0.300000 0.333333 0.366667 0.400000 0.433333 0.466667 0.500000
0.533333 0.566667 0.600000 0.633333 0.666667 0.700000 0.733333 0.766667 0.800000 0.833333 0.866667 0.900000 0.933333 0.966667 1.000000 1.033333
1.066667 1.100000</float_array>
        <technique_common>
          <accessor source="#Head-Matrix-animation-input-array" count="34">
            <param name="TIME" type="float"/>
          </accessor>
        </technique_common>
      </source>
      <source id="Head-Matrix-animation-output-transform">
        <float_array id="Head-Matrix-animation-output-transform-array" count="544">

0.987594 0.090815 -0.128108 0.000000 -0.057729 0.968649 0.241632 8.673000 0.146036 -0.231239 0.961874 3.319300 0.000000 0.000000 0.000000 1.000000
0.989126 0.075278 -0.126343 0.000000 -0.040636 0.965519 0.257142 8.673000 0.141344 -0.249212 0.958079 3.319300 0.000000 0.000000 0.000000 1.000000
0.991459 0.047839 -0.121326 0.000000 -0.014254 0.964469 0.263810 8.673000 0.129635 -0.259828 0.956914 3.319300 0.000000 0.000000 0.000000 1.000000
0.994025 0.017878 -0.107675 0.000000 0.009927 0.967597 0.252305 8.673000 0.108697 -0.251866 0.961638 3.319300 0.000000 0.000000 0.000000 1.000000
0.995905 -0.004192 -0.090304 -0.000000 0.024298 0.974579 0.222723 8.673000 0.087075 -0.224005 0.970690 3.319300 0.000000 0.000000 0.000000 1.000000
0.996356 -0.019311 -0.083075 0.000000 0.033772 0.983744 0.176375 8.673000 0.078319 -0.178538 0.980811 3.319300 0.000000 0.000000 0.000000 1.000000
0.995637 -0.037642 -0.085384 0.000000 0.049557 0.988621 0.142033 8.673000 0.079066 -0.145645 0.986172 3.319300 0.000000 0.000000 0.000000 1.000000
0.994823 -0.052973 -0.086729 0.000000 0.065882 0.985950 0.153501 8.673000 0.077379 -0.158420 0.984335 3.319300 0.000000 0.000000 0.000000 1.000000
0.994499 -0.055856 -0.088614 0.000000 0.071692 0.979733 0.187040 8.673000 0.076370 -0.192364 0.978347 3.319300 0.000000 0.000000 0.000000 1.000000
0.992597 -0.069376 -0.099694 0.000000 0.088349 0.975662 0.200692 8.673000 0.083345 -0.208014 0.974569 3.319300 0.000000 0.000000 0.000000 1.000000
0.987468 -0.107252 -0.115778 -0.000000 0.126658 0.976221 0.175925 8.673000 0.094157 -0.188384 0.977571 3.319300 0.000000 0.000000 0.000000 1.000000
0.984325 -0.132269 -0.116659 0.000000 0.143729 0.984952 0.095980 8.673000 0.102208 -0.111243 0.988523 3.319300 0.000000 0.000000 0.000000 1.000000
0.988338 -0.117999 -0.096254 0.000000 0.115307 0.992779 -0.033086 8.673000 0.099463 0.021602 0.994807 3.319300 0.000000 0.000000 0.000000 1.000000
0.993934 -0.086136 -0.068378 0.000000 0.073248 0.982258 -0.172636 8.673000 0.082035 0.166580 0.982609 3.319300 0.000000 0.000000 0.000000 1.000000
0.996381 -0.070600 -0.047332 0.000000 0.054916 0.959731 -0.275502 8.673000 0.064877 0.271906 0.960135 3.319300 0.000000 0.000000 0.000000 1.000000
0.996885 -0.071920 -0.032362 0.000000 0.057772 0.945280 -0.321106 8.673000 0.053685 0.318236 0.946490 3.319300 0.000000 0.000000 0.000000 1.000000
0.997232 -0.071844 -0.019158 0.000000 0.061594 0.942533 -0.328387 8.673000 0.041649 0.326298 0.944349 3.319300 0.000000 0.000000 0.000000 1.000000
0.997289 -0.071575 -0.017089 0.000000 0.062495 0.946420 -0.316833 8.673000 0.038851 0.314906 0.948327 3.319300 0.000000 0.000000 0.000000 1.000000
0.997322 -0.066622 -0.030157 0.000000 0.054824 0.954053 -0.294579 8.673000 0.048397 0.292137 0.955151 3.319300 0.000000 0.000000 0.000000 1.000000
0.997475 -0.057401 -0.041814 0.000000 0.043623 0.959865 -0.277050 8.673000 0.056039 0.274526 0.959945 3.319300 0.000000 0.000000 0.000000 1.000000
0.997456 -0.058530 -0.040699 0.000000 0.045781 0.963530 -0.263655 8.673000 0.054646 0.261121 0.963758 3.319300 0.000000 0.000000 0.000000 1.000000
0.997695 -0.055804 -0.038619 0.000000 0.045150 0.970662 -0.236171 8.673000 0.050665 0.233883 0.970944 3.319300 0.000000 0.000000 0.000000 1.000000
0.997875 -0.040272 -0.051220 0.000000 0.029573 0.980414 -0.194717 8.673000 0.058058 0.192788 0.979521 3.319300 0.000000 0.000000 0.000000 1.000000
