<?xml version="1.0" encoding="utf-8"?>
<COLLADA xmlns="http://www.collada.org/2005/11/COLLADASchema" version="1.4.1">
  <asset>
    <contributor>
      <author>Mixamo</author>
      <authoring_tool>COLLADA Mixamo exporter</authoring_tool>
      <comments/>
    </contributor>
    <created>2021-07-11T16:57:54Z</created>
    <modified>2021-07-11T16:57:54Z</modified>
    <revision/>
    <title/>
    <unit meter="0.010000"/>
    <up_axis>Y_UP</up_axis>
  </asset>
  <library_animations>
    <animation>
      <source id="Hips-Matrix-animation-input">
        <float_array id="Hips-Matrix-animation-input-array" count="25">

0.000000 0.033333 0.066667 0.100000 0.133333 0.166667 0.200000 0.233333 0.266667 0.300000 0.333333 0.366667 0.400000 0.433333 0.466667 0.500000
0.533333 0.566667 0.600000 0.633333 0.666667 0.700000 0.733333 0.766667 0.800000</float_array>
        <technique_common>
          <accessor source="#Hips-Matrix-animation-input-array" count="25">
            <param name="TIME" type="float"/>
          </accessor>
        </technique_common>
      </source>
      <source id="Hips-Matrix-animation-output-transform">
        <float_array id="Hips-Matrix-animation-output-transform-array" count="400">

0.955318 0.198360 0.219138 0.738243 -0.157374 0.968898 -0.190971 94.481705 -0.250203 0.147951 0.956822 1.786817 0.000000 0.000000 0.000000 1.000000
0.964805 0.172344 0.198616 0.323813 -0.129879 0.969045 -0.209960 96.138802 -0.228654 0.176775 0.957323 1.184039 0.000000 0.000000 0.000000 1.000000
0.975698 0.137188 0.170857 -0.128651 -0.097450 0.970071 -0.222409 98.939369 -0.196256 0.200354 0.959866 0.877990 0.000000 0.000000 0.000000 1.000000
0.985233 0.102727 0.136977 -0.274536 -0.068545 0.969755 -0.234258 102.003510 -0.156899 0.221410 0.962476 0.738646 0.000000 0.000000 0.000000 1.000000
0.989033 0.089166 0.117742 -0.567292 -0.057180 0.966196 -0.251388 104.348724 -0.136177 0.241899 0.960698 0.747177 0.000000 0.000000 0.000000 1.000000
0.990603 0.079259 0.111459 -1.014706 -0.049583 0.967639 -0.247418 105.698792 -0.127463 0.239566 0.962477 0.871460 0.000000 0.000000 0.000000 1.000000
0.991947 0.070385 0.105295 -1.178357 -0.045131 0.973222 -0.225393 105.821869 -0.118340 0.218826 0.968561 1.155925 0.000000 0.000000 0.000000 1.000000
0.993042 0.064121 0.098775 -1.242017 -0.042965 0.978220 -0.203073 104.762939 -0.109645 0.197416 0.974169 1.183967 0.000000 0.000000 0.000000 1.000000
0.994820 0.050157 0.088419 -1.473323 -0.033082 0.982191 -0.184952 103.055687 -0.096121 0.181069 0.978762 0.746794 0.000000 0.000000 0.000000 1.000000
0.996033 0.035096 0.081769 -1.421239 -0.022134 0.987770 -0.154340 100.791069 -0.086186 0.151918 0.984628 0.486462 0.000000 0.000000 0.000000 1.000000
0.996029 0.013470 0.088010 -1.831560 -0.002427 0.992230 -0.124397 98.519333 -0.089002 0.123689 0.988322 -0.361418 0.000000 0.000000 0.000000 1.000000
0.993492 0.008030 0.113615 -2.528346 0.004733 0.993740 -0.111618 97.454254 -0.113800 0.111429 0.987235 -1.059500 0.000000 0.000000 0.000000 1.000000
0.986943 0.026840 0.158818 -2.640144 -0.008901 0.993600 -0.112608 98.104446 -0.160824 0.109724 0.980865 -1.113366 0.000000 0.000000 0.000000 1.000000
0.975165 0.051444 0.215421 -2.210660 -0.028468 0.993696 -0.108435 100.176476 -0.219641 0.099609 0.970482 -0.860904 0.000000 0.000000 0.000000 1.000000
0.963729 0.085853 0.252696 -1.522334 -0.060154 0.992358 -0.107735 102.897430 -0.260014 0.088627 0.961529 -0.219065 0.000000 0.000000 0.000000 1.000000
0.953697 0.120573 0.275545 -0.910391 -0.089563 0.988416 -0.122523 105.069710 -0.287126 0.092171 0.953448 0.517240 0.000000 0.000000 0.000000 1.000000
0.952638 0.120139 0.279371 -0.255994 -0.085496 0.987410 -0.133084 105.840698 -0.291842 0.102895 0.950916 1.398644 0.000000 0.000000 0.000000 1.000000
0.958938 0.088844 0.269341 0.688158 -0.056091 0.990320 -0.126963 105.833145 -0.278014 0.106642 0.954639 2.473751 0.000000 0.000000 0.000000 1.000000
0.964561 0.071971 0.253855 1.434049 -0.044447 0.992652 -0.112545 105.166565 -0.260090 0.097273 0.960672 3.440784 0.000000 0.000000 0.000000 1.000000
0.967377 0.074291 0.242203 1.731121 -0.051873 0.993867 -0.097662 103.865341 -0.247973 0.081912 0.965298 3.849430 0.000000 0.000000 0.000000 1.000000
0.966863 0.077274 0.243321 1.705790 -0.056556 0.994242 -0.091022 102.161804 -0.248953 0.074244 0.965666 3.837898 0.000000 0.000000 0.000000 1.000000
0.963065 0.089469 0.253969 1.565984 -0.065569 0.992716 -0.101074 99.061539 -0.261162 0.080688 0.961917 3.607849 0.000000 0.000000 0.000000 1.000000
0.954643 0.145389 0.259844 1.186717 -0.119742 0.986464 -0.112027 96.282928 -0.272614 0.075832 0.959130 2.708090 0.000000 0.000000 0.000000 1.000000
0.949333 0.191632 0.249088 1.024835 -0.158550 0.976365 -0.146880 94.278275 -0.271347 0.099945 0.957278 1.832691 0.000000 0.000000 0.000000 1.000000
0.955318 0.198360 0.219138 0.738238 -0.157373 0.968898 -0.190971 94.481644 -0.250203 0.147951 0.956822 1.786814 0.000000 0.000000 0.000000 1.000000</float_array>
        <technique_common>
          <accessor source="#Hips-Matrix-animation-output-transform-array" count="25" stride="16">
            <param type="float4x4"/>
          </accessor>
        </technique_common>
      </source>
      <source id="Hips-Interpolations">
        <Name_array id="Hips-Interpolations-array" count="25">
 LINEAR LINEAR LINEAR LINEAR LINEAR LINEAR LINEAR LINEAR LINEAR LINEAR LINEAR
LINEAR LINEAR LINEAR LINEAR LINEAR LINEAR LINEAR LINEAR LINEAR LINEAR LINEAR LINEAR
LINEAR LINEAR</Name_array>
        <technique_common>
          <accessor source="#Hips-Interpolations-array" count="25">
            <param type="name"/>
          </accessor>
        </technique_common>
      </source>
      <sampler id="Hips-Matrix-animation-transform">
        <input semantic="INPUT" source="#Hips-Matrix-animation-input"/>
        <input semantic="OUTPUT" source="#Hips-Matrix-animation-output-transform"/>
        <input semantic="INTERPOLATION" source="#Hips-Interpolations"/>
      </sampler>
      <channel source="#Hips-Matrix-animation-transform" target="Hips/matrix"/>
      <source id="Spine-Matrix-animation-input">
        <float_array id="Spine-Matrix-animation-input-array" count="25">

0.000000 0.033333 0.066667 0.100000 0.133333 0.166667 0.200000 0.233333 0.266667 0.300000 0.333333 0.366667 0.400000 0.433333 0.466667 0.500000
0.533333 0.566667 0.600000 0.633333 0.666667 0.700000 0.733333 0.766667 0.800000</float_array>
        <technique_common>
          <accessor source="#Spine-Matrix-animation-input-array" count="25">
            <param name="TIME" type="float"/>
          </accessor>
        </technique_common>
      </source>
      <source id="Spine-Matrix-animation-output-transform">
        <float_array id="Spine-Matrix-animation-output-transform-array" count="400">

0.990746 -0.128483 -0.043751 0.000000 0.121277 0.982743 -0.139672 5.245300 0.060942 0.133073 0.989231 0.258800 0.000000 0.000000 0.000000 1.000000
0.995638 -0.091147 -0.019941 0.000000 0.087951 0.988188 -0.125499 5.245300 0.031144 0.123197 0.991893 0.258800 0.000000 0.000000 0.000000 1.000000
0.999056 -0.041801 0.011834 -0.000000 0.042870 0.992716 -0.112597 5.245300 -0.007041 0.112998 0.993570 0.258800 0.000000 0.000000 0.000000 1.000000
0.998655 0.005032 0.051608 0.000000 0.000467 0.994365 -0.106008 5.245300 -0.051850 0.105889 0.993025 0.258800 0.000000 0.000000 0.000000 1.000000
0.996383 0.033445 0.078119 0.000000 -0.026191 0.995404 -0.092111 5.245300 -0.080840 0.089732 0.992680 0.258800 0.000000 0.000000 0.000000 1.000000
0.995252 0.048163 0.084581 0.000000 -0.041202 0.995763 -0.082205 5.245300 -0.088182 0.078330 0.993020 0.258800 0.000000 0.000000 0.000000 1.000000
0.994699 0.055914 0.086302 0.000000 -0.048881 0.995468 -0.081567 5.245300 -0.090472 0.076917 0.992924 0.258800 0.000000 0.000000 0.000000 1.000000
0.994590 0.059772 0.084962 0.000000 -0.052385 0.994860 -0.086655 5.245300 -0.089705 0.081736 0.992609 0.258800 0.000000 0.000000 0.000000 1.000000
0.994056 0.072516 0.081198 0.000000 -0.064283 0.992931 -0.099778 5.245300 -0.087860 0.093965 0.991691 0.258800 0.000000 0.000000 0.000000 1.000000
0.994632 0.082794 0.062073 0.000000 -0.074611 0.989446 -0.124218 5.245300 -0.071702 0.118920 0.990311 0.258800 0.000000 0.000000 0.000000 1.000000
0.994691 0.101037 0.019512 0.000000 -0.096775 0.982939 -0.156417 5.245300 -0.034983 0.153699 0.987498 0.258800 0.000000 0.000000 0.000000 1.000000
0.993939 0.104619 -0.033761 0.000000 -0.108881 0.979231 -0.171030 5.245300 0.015167 0.173669 0.984687 0.258800 0.000000 0.000000 0.000000 1.000000
0.993776 0.082118 -0.075276 0.000000 -0.093846 0.981217 -0.168541 5.245300 0.060022 0.174557 0.982816 0.258800 0.000000 0.000000 0.000000 1.000000
0.991978 0.041530 -0.119391 0.000000 -0.061328 0.984001 -0.167275 5.245300 0.110534 0.173255 0.978655 0.258800 0.000000 0.000000 0.000000 1.000000
0.988038 -0.008322 -0.153988 0.000000 -0.017273 0.986287 -0.164132 5.245300 0.153242 0.164828 0.974345 0.258800 0.000000 0.000000 0.000000 1.000000
0.982822 -0.052336 -0.176977 0.000000 0.025023 0.987882 -0.153176 5.245300 0.182849 0.146117 0.972222 0.258800 0.000000 0.000000 0.000000 1.000000
0.980679 -0.065216 -0.184435 -0.000000 0.041683 0.990806 -0.128710 5.245300 0.191133 0.118535 0.974381 0.258800 0.000000 0.000000 0.000000 1.000000
0.982628 -0.053863 -0.177599 0.000000 0.034653 0.993378 -0.109544 5.245300 0.182323 0.101487 0.977987 0.258800 0.000000 0.000000 0.000000 1.000000
0.984247 -0.050542 -0.169419 0.000000 0.032366 0.993583 -0.108375 5.245300 0.173809 0.101184 0.979567 0.258800 0.000000 0.000000 0.000000 1.000000
0.984821 -0.061458 -0.162327 0.000000 0.042092 0.991862 -0.120158 5.245300 0.168391 0.111502 0.979394 0.258800 0.000000 0.000000 0.000000 1.000000
0.986375 -0.060334 -0.153049 0.000000 0.039212 0.989732 -0.137450 5.245300 0.159771 0.129576 0.978613 0.258800 0.000000 0.000000 0.000000 1.000000
0.988710 -0.063067 -0.135921 -0.000000 0.042924 0.988303 -0.146336 5.245300 0.143560 0.138850 0.979853 0.258800 0.000000 0.000000 0.000000 1.000000
0.988823 -0.098650 -0.111792 0.000000 0.079019 0.982591 -0.168140 5.245300 0.126433 0.157427 0.979404 0.258800 0.000000 0.000000 0.000000 1.000000
0.987982 -0.130408 -0.082979 0.000000 0.115074 0.978976 -0.168417 5.245300 0.103197 0.156844 0.982217 0.258800 0.000000 0.000000 0.000000 1.000000
0.990746 -0.128483 -0.043752 0.000000 0.121277 0.982743 -0.139672 5.245300 0.060942 0.133074 0.989231 0.258800 0.000000 0.000000 0.000000 1.000000</float_array>
        <technique_common>
          <accessor source="#Spine-Matrix-animation-output-transform-array" count="25" stride="16">
            <param type="float4x4"/>
          </accessor>
        </technique_common>
      </source>
      <source id="Spine-Interpolations">
        <Name_array id="Spine-Interpolations-array" count="25">
 LINEAR LINEAR LINEAR LINEAR LINEAR LINEAR LINEAR LINEAR LINEAR LINEAR LINEAR
LINEAR LINEAR LINEAR LINEAR LINEAR LINEAR LINEAR LINEAR LINEAR LINEAR LINEAR LINEAR
LINEAR LINEAR</Name_array>
        <technique_common>
          <accessor source="#Spine-Interpolations-array" count="25">
            <param type="name"/>
          </accessor>
        </technique_common>
      </source>
      <sampler id="Spine-Matrix-animation-transform">
        <input semantic="INPUT" source="#Spine-Matrix-animation-input"/>
        <input semantic="OUTPUT" source="#Spine-Matrix-animation-output-transform"/>
        <input semantic="INTERPOLATION" source="#Spine-Interpolations"/>
      </sampler>
      <channel source="#Spine-Matrix-animation-transform" target="Spine/matrix"/>
      <source id="Spine1-Matrix-animation-input">
        <float_array id="Spine1-Matrix-animation-input-array" count="25">

0.000000 0.033333 0.066667 0.100000 0.133333 0.166667 0.200000 0.233333 0.266667 0.300000 0.333333 0.366667 0.400000 0.433333 0.466667 0.500000
0.533333 0.566667 0.600000 0.633333 0.666667 0.700000 0.733333 0.766667 0.800000</float_array>
        <technique_common>
          <accessor source="#Spine1-Matrix-animation-input-array" count="25">
            <param name="TIME" type="float"/>
          </accessor>
        </technique_common>
      </source>
      <source id="Spine1-Matrix-animation-output-transform">
        <float_array id="Spine1-Matrix-animation-output-transform-array" count="400">

0.999328 -0.025178 -0.026631 -0.031400 0.024452 0.999330 -0.027243 11.044900 0.027299 0.026573 0.999274 -0.697600 0.000000 0.000000 0.000000 1.000000
0.999745 -0.016715 -0.015157 -0.031400 0.016449 0.999712 -0.017489 11.044900 0.015445 0.017235 0.999732 -0.697600 0.000000 0.000000 0.000000 1.000000
0.999980 -0.006243 0.001071 -0.031400 0.006249 0.999959 -0.006542 11.044900 -0.001031 0.006548 0.999978 -0.697600 0.000000 0.000000 0.000000 1.000000
0.999767 0.002729 0.021423 -0.031400 -0.002738 0.999996 0.000369 11.044900 -0.021422 -0.000428 0.999770 -0.697600 0.000000 0.000000 0.000000 1.000000
0.999352 0.006228 0.035456 -0.031400 -0.006333 0.999976 0.002865 11.044900 -0.035437 -0.003088 0.999367 -0.697600 0.000000 0.000000 0.000000 1.000000
0.999155 0.010495 0.039743 -0.031400 -0.010364 0.999940 -0.003505 11.044900 -0.039777 0.003091 0.999204 -0.697600 0.000000 0.000000 0.000000 1.000000
0.999075 0.013504 0.040838 -0.031400 -0.013061 0.999853 -0.011109 11.044900 -0.040982 0.010566 0.999104 -0.697600 0.000000 0.000000 0.000000 1.000000
0.999101 0.015204 0.039585 -0.031400 -0.014611 0.999777 -0.015246 11.044900 -0.039808 0.014654 0.999100 -0.697600 0.000000 0.000000 0.000000 1.000000
0.999155 0.015175 0.038207 -0.031400 -0.014664 0.999800 -0.013628 11.044900 -0.038406 0.013056 0.999177 -0.697600 0.000000 0.000000 0.000000 1.000000
0.999413 0.016210 0.030168 -0.031400 -0.015715 0.999739 -0.016553 11.044900 -0.030429 0.016070 0.999408 -0.697600 0.000000 0.000000 0.000000 1.000000
0.999698 0.020804 0.013071 -0.031400 -0.020485 0.999499 -0.024120 11.044900 -0.013566 0.023845 0.999624 -0.697600 0.000000 0.000000 0.000000 1.000000
0.999711 0.022186 -0.009278 -0.031400 -0.022449 0.999318 -0.029329 11.044900 0.008621 0.029529 0.999527 -0.697600 0.000000 0.000000 0.000000 1.000000
0.999454 0.017172 -0.028211 -0.031400 -0.017989 0.999419 -0.028935 11.044900 0.027698 0.029427 0.999183 -0.697600 0.000000 0.000000 0.000000 1.000000
0.998724 0.008264 -0.049813 -0.031400 -0.009576 0.999612 -0.026156 11.044900 0.049577 0.026600 0.998416 -0.697600 0.000000 0.000000 0.000000 1.000000
0.997656 -0.003427 -0.068347 -0.031400 0.001745 0.999694 -0.024662 11.044900 0.068411 0.024485 0.997357 -0.697600 0.000000 0.000000 0.000000 1.000000
0.996562 -0.013591 -0.081730 -0.031400 0.011640 0.999637 -0.024309 11.044900 0.082031 0.023274 0.996358 -0.697600 0.000000 0.000000 0.000000 1.000000
0.996189 -0.009446 -0.086707 -0.031400 0.007104 0.999603 -0.027281 11.044900 0.086930 0.026561 0.995860 -0.697600 0.000000 0.000000 0.000000 1.000000
0.996484 0.002969 -0.083736 -0.031400 -0.005734 0.999445 -0.032802 11.044900 0.083592 0.033167 0.995948 -0.697600 0.000000 0.000000 0.000000 1.000000
0.996730 0.009863 -0.080199 -0.031400 -0.012979 0.999177 -0.038430 11.044900 0.079754 0.039345 0.996038 -0.697600 0.000000 0.000000 0.000000 1.000000
0.996967 0.010762 -0.077077 -0.031400 -0.014183 0.998932 -0.043974 11.044900 0.076522 0.044934 0.996055 -0.697600 0.000000 0.000000 0.000000 1.000000
0.997497 0.004303 -0.070581 -0.031400 -0.007358 0.999045 -0.043074 11.044900 0.070328 0.043486 0.996576 -0.697600 0.000000 0.000000 0.000000 1.000000
0.998092 -0.009439 -0.061011 -0.031400 0.007103 0.999238 -0.038383 11.044900 0.061327 0.037876 0.997399 -0.697600 0.000000 0.000000 0.000000 1.000000
0.998417 -0.019032 -0.052919 -0.031400 0.017004 0.999113 -0.038521 11.044900 0.053605 0.037560 0.997856 -0.697600 0.000000 0.000000 0.000000 1.000000
0.998727 -0.025570 -0.043473 -0.031400 0.024046 0.999090 -0.035233 11.044900 0.044334 0.034143 0.998433 -0.697600 0.000000 0.000000 0.000000 1.000000
0.999328 -0.025178 -0.026631 -0.031400 0.024452 0.999330 -0.027243 11.044900 0.027299 0.026573 0.999274 -0.697600 0.000000 0.000000 0.000000 1.000000</float_array>
        <technique_common>
          <accessor source="#Spine1-Matrix-animation-output-transform-array" count="25" stride="16">
            <param type="float4x4"/>
          </accessor>
        </technique_common>
      </source>
      <source id="Spine1-Interpolations">
        <Name_array id="Spine1-Interpolations-array" count="25">
 LINEAR LINEAR LINEAR LINEAR LINEAR LINEAR LINEAR LINEAR LINEAR LINEAR LINEAR
LINEAR LINEAR LINEAR LINEAR LINEAR LINEAR LINEAR LINEAR LINEAR LINEAR LINEAR LINEAR
LINEAR LINEAR</Name_array>
        <technique_common>
          <accessor source="#Spine1-Interpolations-array" count="25">
            <param type="name"/>
          </accessor>
        </technique_common>
      </source>
      <sampler id="Spine1-Matrix-animation-transform">
        <input semantic="INPUT" source="#Spine1-Matrix-animation-input"/>
        <input semantic="OUTPUT" source="#Spine1-Matrix-animation-output-transform"/>
        <input semantic="INTERPOLATION" source="#Spine1-Interpolations"/>
      </sampler>
      <channel source="#Spine1-Matrix-animation-transform" target="Spine1/matrix"/>
      <source id="Spine2-Matrix-animation-input">
        <float_array id="Spine2-Matrix-animation-input-array" count="25">

0.000000 0.033333 0.066667 0.100000 0.133333 0.166667 0.200000 0.233333 0.266667 0.300000 0.333333 0.366667 0.400000 0.433333 0.466667 0.500000
0.533333 0.566667 0.600000 0.633333 0.666667 0.700000 0.733333 0.766667 0.800000</float_array>
        <technique_common>
          <accessor source="#Spine2-Matrix-animation-input-array" count="25">
            <param name="TIME" type="float"/>
          </accessor>
        </technique_common>
      </source>
      <source id="Spine2-Matrix-animation-output-transform">
        <float_array id="Spine2-Matrix-animation-output-transform-array" count="400">

0.999320 -0.025468 -0.026680 -0.035900 0.024747 0.999329 -0.027011 8.068900 0.027350 0.026332 0.999279 -1.087700 0.000000 0.000000 0.000000 1.000000
0.999743 -0.016891 -0.015114 -0.035900 0.016627 0.999710 -0.017427 8.068900 0.015404 0.017171 0.999734 -1.087700 0.000000 0.000000 0.000000 1.000000
0.999980 -0.006234 0.001112 -0.035900 0.006241 0.999959 -0.006539 8.068900 -0.001071 0.006546 0.999978 -1.087700 0.000000 0.000000 0.000000 1.000000
0.999767 0.003023 0.021389 -0.035900 -0.003033 0.999995 0.000463 8.068900 -0.021388 -0.000528 0.999771 -1.087700 0.000000 0.000000 0.000000 1.000000
0.999352 0.006688 0.035380 -0.035900 -0.006800 0.999972 0.003055 8.068900 -0.035359 -0.003293 0.999369 -1.087700 0.000000 0.000000 0.000000 1.000000
0.999153 0.010841 0.039688 -0.035900 -0.010716 0.999937 -0.003359 8.068900 -0.039722 0.002930 0.999206 -1.087700 0.000000 0.000000 0.000000 1.000000
0.999073 0.013717 0.040815 -0.035900 -0.013277 0.999851 -0.011029 8.068900 -0.040960 0.010477 0.999106 -1.087700 0.000000 0.000000 0.000000 1.000000
0.999098 0.015382 0.039569 -0.035900 -0.014791 0.999775 -0.015192 8.068900 -0.039794 0.014594 0.999101 -1.087700 0.000000 0.000000 0.000000 1.000000
0.999152 0.015478 0.038165 -0.035900 -0.014972 0.999797 -0.013519 8.068900 -0.038367 0.012936 0.999180 -1.087700 0.000000 0.000000 0.000000 1.000000
0.999410 0.016551 0.030110 -0.035900 -0.016061 0.999736 -0.016434 8.068900 -0.030374 0.015940 0.999411 -1.087700 0.000000 0.000000 0.000000 1.000000
0.999695 0.021012 0.013005 -0.035900 -0.020695 0.999497 -0.024040 8.068900 -0.013504 0.023764 0.999626 -1.087700 0.000000 0.000000 0.000000 1.000000
0.999712 0.022096 -0.009325 -0.035900 -0.022361 0.999319 -0.029359 8.068900 0.008670 0.029559 0.999525 -1.087700 0.000000 0.000000 0.000000 1.000000
0.999461 0.016806 -0.028215 -0.035900 -0.017625 0.999423 -0.029051 8.068900 0.027711 0.029533 0.999180 -1.087700 0.000000 0.000000 0.000000 1.000000
0.998733 0.007584 -0.049757 -0.035900 -0.008901 0.999614 -0.026309 8.068900 0.049538 0.026718 0.998415 -1.087700 0.000000 0.000000 0.000000 1.000000
0.997660 -0.004340 -0.068233 -0.035900 0.002656 0.999690 -0.024750 8.068900 0.068319 0.024511 0.997362 -1.087700 0.000000 0.000000 0.000000 1.000000
0.996560 -0.014556 -0.081592 -0.035900 0.012612 0.999625 -0.024292 8.068900 0.081915 0.023180 0.996370 -1.087700 0.000000 0.000000 0.000000 1.000000
0.996186 -0.010001 -0.086683 -0.035900 0.007686 0.999606 -0.027000 8.068900 0.086919 0.026231 0.995870 -1.087700 0.000000 0.000000 0.000000 1.000000
0.996479 0.002957 -0.083792 -0.035900 -0.005673 0.999465 -0.032198 8.068900 0.083652 0.032560 0.995963 -1.087700 0.000000 0.000000 0.000000 1.000000
0.996727 0.010071 -0.080208 -0.035900 -0.013128 0.999204 -0.037675 8.068900 0.079765 0.038605 0.996066 -1.087700 0.000000 0.000000 0.000000 1.000000
0.996965 0.010944 -0.077077 -0.035900 -0.014301 0.998967 -0.043137 8.068900 0.076525 0.044109 0.996092 -1.087700 0.000000 0.000000 0.000000 1.000000
0.997497 0.004094 -0.070587 -0.035900 -0.007125 0.999061 -0.042739 8.068900 0.070345 0.043135 0.996590 -1.087700 0.000000 0.000000 0.000000 1.000000
0.998091 -0.009881 -0.060965 -0.035900 0.007545 0.999233 -0.038430 8.068900 0.061298 0.037897 0.997400 -1.087700 0.000000 0.000000 0.000000 1.000000
0.998412 -0.019627 -0.052804 -0.035900 0.017604 0.999103 -0.038504 8.068900 0.053512 0.037513 0.997862 -1.087700 0.000000 0.000000 0.000000 1.000000
0.998717 -0.026130 -0.043373 -0.035900 0.024617 0.999082 -0.035051 8.068900 0.044250 0.033939 0.998444 -1.087700 0.000000 0.000000 0.000000 1.000000
0.999320 -0.025468 -0.026680 -0.035900 0.024747 0.999329 -0.027011 8.068900 0.027350 0.026332 0.999279 -1.087700 0.000000 0.000000 0.000000 1.000000</float_array>
        <technique_common>
          <accessor source="#Spine2-Matrix-animation-output-transform-array" count="25" stride="16">
            <param type="float4x4"/>
          </accessor>
        </technique_common>
      </source>
      <source id="Spine2-Interpolations">
        <Name_array id="Spine2-Interpolations-array" count="25">
 LINEAR LINEAR LINEAR LINEAR LINEAR LINEAR LINEAR LINEAR LINEAR LINEAR LINEAR
LINEAR LINEAR LINEAR LINEAR LINEAR LINEAR LINEAR LINEAR LINEAR LINEAR LINEAR LINEAR
LINEAR LINEAR</Name_array>
        <technique_common>
          <accessor source="#Spine2-Interpolations-array" count="25">
            <param type="name"/>
          </accessor>
        </technique_common>
      </source>
      <sampler id="Spine2-Matrix-animation-transform">
        <input semantic="INPUT" source="#Spine2-Matrix-animation-input"/>
        <input semantic="OUTPUT" source="#Spine2-Matrix-animation-output-transform"/>
        <input semantic="INTERPOLATION" source="#Spine2-Interpolations"/>
      </sampler>
      <channel source="#Spine2-Matrix-animation-transform" target="Spine2/matrix"/>
      <source id="Neck-Matrix-animation-input">
        <float_array id="Neck-Matrix-animation-input-array" count="25">

0.000000 0.033333 0.066667 0.100000 0.133333 0.166667 0.200000 0.233333 0.266667 0.300000 0.333333 0.366667 0.400000 0.433333 0.466667 0.500000
0.533333 0.566667 0.600000 0.633333 0.666667 0.700000 0.733333 0.766667 0.800000</float_array>
        <technique_common>
          <accessor source="#Neck-Matrix-animation-input-array" count="25">
            <param name="TIME" type="float"/>
          </accessor>
        </technique_common>
      </source>
      <source id="Neck-Matrix-animation-output-transform">
        <float_array id="Neck-Matrix-animation-output-transform-array" count="400">

0.967283 0.073676 0.242766 -0.040300 -0.080854 0.996531 0.019724 18.919500 -0.240471 -0.038707 0.969884 -3.736100 0.000000 0.000000 0.000000 1.000000
0.968036 0.073082 0.239926 -0.040300 -0.079401 0.996702 0.016761 18.919500 -0.237910 -0.035275 0.970646 -3.736100 0.000000 0.000000 0.000000 1.000000
0.968889 0.073019 0.236481 -0.040300 -0.078511 0.996817 0.013875 18.919500 -0.234715 -0.032009 0.971537 -3.736100 0.000000 0.000000 0.000000 1.000000
0.969582 0.074548 0.233136 -0.040300 -0.080238 0.996663 0.015002 18.919500 -0.231240 -0.033252 0.972328 -3.736100 0.000000 0.000000 0.000000 1.000000
0.969941 0.077100 0.230802 -0.040300 -0.083744 0.996304 0.019116 18.919500 -0.228475 -0.037870 0.972813 -3.736100 0.000000 0.000000 0.000000 1.000000
0.970006 0.079205 0.229815 -0.040300 -0.086359 0.996038 0.021224 18.919500 -0.227224 -0.040434 0.973003 -3.736100 0.000000 0.000000 0.000000 1.000000
0.969686 0.082772 0.229907 -0.040300 -0.089496 0.995807 0.018956 18.919500 -0.227374 -0.038957 0.973028 -3.736100 0.000000 0.000000 0.000000 1.000000
0.969415 0.085169 0.230176 -0.040300 -0.090955 0.995748 0.014625 18.919500 -0.227951 -0.035113 0.973039 -3.736100 0.000000 0.000000 0.000000 1.000000
0.968967 0.088021 0.230989 -0.040300 -0.093321 0.995563 0.012096 18.919500 -0.228899 -0.033277 0.972881 -3.736100 0.000000 0.000000 0.000000 1.000000
0.968548 0.088265 0.232645 -0.040300 -0.093784 0.995511 0.012749 18.919500 -0.230476 -0.034166 0.972478 -3.736100 0.000000 0.000000 0.000000 1.000000
0.968244 0.085858 0.234800 -0.040300 -0.091783 0.995675 0.014402 18.919500 -0.232548 -0.035496 0.971937 -3.736100 0.000000 0.000000 0.000000 1.000000
0.967807 0.084258 0.237170 -0.040300 -0.090268 0.995811 0.014574 18.919500 -0.234948 -0.035514 0.971359 -3.736100 0.000000 0.000000 0.000000 1.000000
0.967294 0.086915 0.238304 -0.040300 -0.092364 0.995656 0.011775 18.919500 -0.236245 -0.033401 0.971119 -3.736100 0.000000 0.000000 0.000000 1.000000
0.966674 0.090078 0.239639 -0.040300 -0.094971 0.995440 0.008928 18.919500 -0.237742 -0.031389 0.970821 -3.736100 0.000000 0.000000 0.000000 1.000000
0.966228 0.090434 0.241301 -0.040300 -0.095341 0.995406 0.008717 18.919500 -0.239404 -0.031428 0.970411 -3.736100 0.000000 0.000000 0.000000 1.000000
0.965934 0.090116 0.242591 -0.040300 -0.095930 0.995313 0.012236 18.919500 -0.240351 -0.035091 0.970051 -3.736100 0.000000 0.000000 0.000000 1.000000
0.965937 0.088264 0.243261 -0.040300 -0.094702 0.995394 0.014879 18.919500 -0.240827 -0.037410 0.969847 -3.736100 0.000000 0.000000 0.000000 1.000000
0.965714 0.088978 0.243883 -0.040300 -0.094908 0.995406 0.012647 18.919500 -0.241638 -0.035360 0.969722 -3.736100 0.000000 0.000000 0.000000 1.000000
0.965544 0.088662 0.244672 -0.040300 -0.093519 0.995583 0.008282 18.919500 -0.242857 -0.030878 0.969571 -3.736100 0.000000 0.000000 0.000000 1.000000
0.965550 0.086689 0.245355 -0.040300 -0.090904 0.995842 0.005887 18.919500 -0.243824 -0.027988 0.969416 -3.736100 0.000000 0.000000 0.000000 1.000000
0.965668 0.085328 0.245368 -0.040300 -0.089290 0.995993 0.005049 18.919500 -0.243954 -0.026784 0.969417 -3.736100 0.000000 0.000000 0.000000 1.000000
0.965670 0.086877 0.244812 -0.040300 -0.090664 0.995873 0.004220 18.919500 -0.243435 -0.026271 0.969561 -3.736100 0.000000 0.000000 0.000000 1.000000
0.966785 0.078858 0.243123 -0.040300 -0.083112 0.996514 0.007273 18.919500 -0.241702 -0.027238 0.969968 -3.736100 0.000000 0.000000 0.000000 1.000000
0.967203 0.074382 0.242871 -0.040300 -0.080144 0.996686 0.013914 18.919500 -0.241031 -0.032923 0.969959 -3.736100 0.000000 0.000000 0.000000 1.000000
0.967296 0.073688 0.242712 -0.040300 -0.080865 0.996530 0.019728 18.919500 -0.240416 -0.038710 0.969898 -3.736100 0.000000 0.000000 0.000000 1.000000</float_array>
        <technique_common>
          <accessor source="#Neck-Matrix-animation-output-transform-array" count="25" stride="16">
            <param type="float4x4"/>
          </accessor>
        </technique_common>
      </source>
      <source id="Neck-Interpolations">
        <Name_array id="Neck-Interpolations-array" count="25">
 LINEAR LINEAR LINEAR LINEAR LINEAR LINEAR LINEAR LINEAR LINEAR LINEAR LINEAR
LINEAR LINEAR LINEAR LINEAR LINEAR LINEAR LINEAR LINEAR LINEAR LINEAR LINEAR LINEAR
LINEAR LINEAR</Name_array>
        <technique_common>
          <accessor source="#Neck-Interpolations-array" count="25">
            <param type="name"/>
          </accessor>
        </technique_common>
      </source>
      <sampler id="Neck-Matrix-animation-transform">
        <input semantic="INPUT" source="#Neck-Matrix-animation-input"/>
        <input semantic="OUTPUT" source="#Neck-Matrix-animation-output-transform"/>
        <input semantic="INTERPOLATION" source="#Neck-Interpolations"/>
      </sampler>
      <channel source="#Neck-Matrix-animation-transform" target="Neck/matrix"/>
      <source id="Head-Matrix-animation-input">
        <float_array id="Head-Matrix-animation-input-array" count="25">

0.000000 0.033333 0.066667 0.100000 0.133333 0.166667 0.200000 0.233333 0.266667 0.300000 0.333333 0.366667 0.400000 0.433333 0.466667 0.500000
0.533333 0.566667 0.600000 0.633333 0.666667 0.700000 0.733333 0.766667 0.800000</float_array>
        <technique_common>
          <accessor source="#Head-Matrix-animation-input-array" count="25">
            <param name="TIME" type="float"/>
          </accessor>
        </technique_common>
      </source>
      <source id="Head-Matrix-animation-output-transform">
        <float_array id="Head-Matrix-animation-output-transform-array" count="400">

0.922829 0.028312 -0.384169 0.000000 0.100984 0.944635 0.312196 8.673000 0.371739 -0.326898 0.868877 3.319300 0.000000 0.000000 0.000000 1.000000
0.913805 0.026221 -0.405305 0.000000 0.100862 0.952004 0.288992 8.673000 0.393430 -0.304962 0.867301 3.319300 0.000000 0.000000 0.000000 1.000000
0.897496 0.006263 -0.440977 0.000000 0.114013 0.962613 0.245716 8.673000 0.426030 -0.270806 0.863228 3.319300 0.000000 0.000000 0.000000 1.000000
0.878755 -0.008983 -0.477189 0.000000 0.134279 0.964090 0.229129 8.673000 0.457995 -0.265424 0.848405 3.319300 0.000000 0.000000 0.000000 1.000000
0.865601 -0.016967 -0.500447 0.000000 0.152206 0.961051 0.230682 8.673000 0.477042 -0.275849 0.834469 3.319300 0.000000 0.000000 0.000000 1.000000
0.861556 -0.028210 -0.506878 0.000000 0.166837 0.958730 0.230221 8.673000 0.479465 -0.282914 0.830706 3.319300 0.000000 0.000000 0.000000 1.000000
0.862995 -0.037485 -0.503821 0.000000 0.171514 0.959755 0.222379 8.673000 0.475209 -0.278324 0.834693 3.319300 0.000000 0.000000 0.000000 1.000000
0.867201 -0.045380 -0.495887 0.000000 0.176916 0.958947 0.221632 8.673000 0.465472 -0.279930 0.839628 3.319300 0.000000 0.000000 0.000000 1.000000
0.875441 -0.050191 -0.480712 -0.000000 0.175786 0.959543 0.219945 8.673000 0.450225 -0.277051 0.848846 3.319300 0.000000 0.000000 0.000000 1.000000
0.890927 -0.064452 -0.449550 0.000000 0.184032 0.956200 0.227627 8.673000 0.415188 -0.285531 0.863765 3.319300 0.000000 0.000000 0.000000 1.000000
0.911433 -0.078685 -0.403855 0.000000 0.198536 0.943820 0.264172 8.673000 0.360380 -0.320955 0.875851 3.319300 0.000000 0.000000 0.000000 1.000000
0.931127 -0.086536 -0.354281 0.000000 0.196132 0.937818 0.286409 8.673000 0.307466 -0.336169 0.890199 3.319300 0.000000 0.000000 0.000000 1.000000
0.938858 -0.094669 -0.331034 -0.000000 0.190194 0.944050 0.269436 8.673000 0.287006 -0.315923 0.904334 3.319300 0.000000 0.000000 0.000000 1.000000
0.949121 -0.091709 -0.301263 0.000000 0.172622 0.951635 0.254149 8.673000 0.263385 -0.293223 0.919048 3.319300 0.000000 0.000000 0.000000 1.000000
0.966202 -0.075783 -0.246395 0.000000 0.140454 0.956240 0.256665 8.673000 0.216162 -0.282598 0.934565 3.319300 0.000000 0.000000 0.000000 1.000000
0.977192 -0.061992 -0.203110 -0.000000 0.112938 0.961678 0.249841 8.673000 0.179838 -0.267082 0.946745 3.319300 0.000000 0.000000 0.000000 1.000000
0.980100 -0.050865 -0.191878 -0.000000 0.094439 0.969695 0.225328 8.673000 0.174601 -0.238965 0.955202 3.319300 0.000000 0.000000 0.000000 1.000000
0.978534 -0.041738 -0.201813 0.000000 0.085866 0.972798 0.215155 8.673000 0.187343 -0.227866 0.955500 3.319300 0.000000 0.000000 0.000000 1.000000
0.976395 -0.033093 -0.213440 0.000000 0.081774 0.971269 0.223492 8.673000 0.199912 -0.235670 0.951049 3.319300 0.000000 0.000000 0.000000 1.000000
0.973996 -0.020061 -0.225675 -0.000000 0.074642 0.968877 0.236019 8.673000 0.213917 -0.246727 0.945180 3.319300 0.000000 0.000000 0.000000 1.000000
0.967311 -0.007431 -0.253484 0.000000 0.071170 0.967354 0.243232 8.673000 0.243402 -0.253321 0.936261 3.319300 0.000000 0.000000 0.000000 1.000000
0.955172 0.011958 -0.295811 0.000000 0.070503 0.961250 0.266511 8.673000 0.287535 -0.275419 0.917315 3.319300 0.000000 0.000000 0.000000 1.000000
0.942346 0.004159 -0.334616 0.000000 0.100718 0.950034 0.295452 8.673000 0.319125 -0.312119 0.894841 3.319300 0.000000 0.000000 0.000000 1.000000
0.933421 0.010717 -0.358623 -0.000000 0.109902 0.942963 0.314233 8.673000 0.341536 -0.332725 0.879003 3.319300 0.000000 0.000000 0.000000 1.000000
0.922803 0.028349 -0.384229 0.000000 0.101021 0.944591 0.312317 8.673000 0.371793 -0.327022 0.868807 3.319300 0.000000 0.000000 0.000000 1.000000</float_array>
        <technique_common>
          <accessor source="#Head-Matrix-animation-output-transform-array" count="25" stride="16">
            <param type="float4x4"/>
          </accessor>
        </technique_common>
      </source>
      <source id="Head-Interpolations">
        <Name_array id="Head-Interpolations-array" count="25">
 LINEAR LINEAR LINEAR LINEAR LINEAR LINEAR LINEAR LINEAR LINEAR LINEAR LINEAR
LINEAR LINEAR LINEAR LINEAR LINEAR LINEAR LINEAR LINEAR LINEAR LINEAR LINEAR LINEAR
LINEAR LINEAR</Name_array>
        <technique_common>
          <accessor source="#Head-Interpolations-array" count="25">
            <param type="name"/>
          </accessor>
        </technique_common>
      </source>
      <sampler id="Head-Matrix-animation-transform">
        <input semantic="INPUT" source="#Head-Matrix-animation-input"/>
        <input semantic="OUTPUT" source="#Head-Matrix-animation-output-transform"/>
        <input semantic="INTERPOLATION" source="#Head-Interpolations"/>
      </sampler>
      <channel source="#Head-Matrix-animation-transform" target="Head/matrix"/>
      <source id="RightShoulder-Matrix-animation-input">
        <float_array id="RightShoulder-Matrix-animation-input-array" count="25">

0.000000 0.033333 0.066667 0.100000 0.133333 0.166667 0.200000 0.233333 0.266667 0.300000 0.333333 0.366667 0.400000 0.433333 0.466667 0.500000
0.533333 0.566667 0.600000 0.633333 0.666667 0.700000 0.733333 0.766667 0.800000</float_array>
        <technique_common>
          <accessor source="#RightShoulder-Matrix-animation-input-array" count="25">
            <param name="TIME" type="float"/>
          </accessor>
        </technique_common>
      </source>
      <source id="RightShoulder-Matrix-animation-output-transform">
        <float_array id="RightShoulder-Matrix-animation-output-transform-array" count="400">

0.994102 -0.063414 -0.087977 -6.576700 0.058787 0.996797 -0.054229 15.024500 0.091134 0.048737 0.994645 -2.119600 0.000000 0.000000 0.000000 1.000000
0.994725 -0.078587 -0.065930 -6.576700 0.075322 0.995874 -0.050616 15.024500 0.069636 0.045383 0.996540 -2.119600 0.000000 0.000000 0.000000 1.000000
0.995647 -0.078106 -0.050852 -6.576700 0.075725 0.996012 -0.047175 15.024500 0.054334 0.043119 0.997591 -2.119600 0.000000 0.000000 0.000000 1.000000
0.997554 -0.057779 -0.039349 -6.576700 0.056072 0.997492 -0.043199 15.024500 0.041747 0.040887 0.998291 -2.119600 0.000000 0.000000 0.000000 1.000000
0.997962 -0.045271 -0.044967 -6.576700 0.043465 0.998240 -0.040353 15.024500 0.046714 0.038316 0.998173 -2.119600 0.000000 0.000000 0.000000 1.000000
0.997260 -0.057646 -0.046354 -6.576700 0.055868 0.997685 -0.038766 15.024500 0.048482 0.036070 0.998173 -2.119600 0.000000 0.000000 0.000000 1.000000
0.997151 -0.066663 -0.035304 -6.576700 0.065317 0.997141 -0.037981 15.024500 0.037735 0.035566 0.998655 -2.119600 0.000000 0.000000 0.000000 1.000000
0.996873 -0.074930 -0.025082 -6.576700 0.073906 0.996482 -0.039526 15.024500 0.027955 0.037549 0.998904 -2.119600 0.000000 0.000000 0.000000 1.000000
0.996336 -0.079006 -0.032758 -6.576700 0.077593 0.996084 -0.042380 15.024500 0.035978 0.039683 0.998564 -2.119600 0.000000 0.000000 0.000000 1.000000
0.995839 -0.084249 -0.034752 -6.576700 0.082652 0.995558 -0.045081 15.024500 0.038396 0.042021 0.998379 -2.119600 0.000000 0.000000 0.000000 1.000000
0.991781 -0.126147 -0.021398 -6.576700 0.125218 0.991311 -0.040276 15.024500 0.026292 0.037265 0.998959 -2.119600 0.000000 0.000000 0.000000 1.000000
0.982314 -0.186487 -0.016761 -6.576700 0.185945 0.982115 -0.029574 15.024500 0.021976 0.025935 0.999422 -2.119600 0.000000 0.000000 0.000000 1.000000
0.979778 -0.193523 -0.050824 -6.576700 0.192125 0.980876 -0.031148 15.024500 0.055880 0.020754 0.998222 -2.119600 0.000000 0.000000 0.000000 1.000000
0.983476 -0.152181 -0.098061 -6.576700 0.149233 0.988118 -0.036763 15.024500 0.102491 0.021521 0.994501 -2.119600 0.000000 0.000000 0.000000 1.000000
0.986186 -0.103197 -0.129564 -6.576700 0.099388 0.994414 -0.035549 15.024500 0.132508 0.022181 0.990934 -2.119600 0.000000 0.000000 0.000000 1.000000
0.986357 -0.056968 -0.154451 -6.576700 0.052838 0.998131 -0.030715 15.024500 0.155912 0.022135 0.987523 -2.119600 0.000000 0.000000 0.000000 1.000000
0.985932 -0.025628 -0.165171 -6.576700 0.022047 0.999481 -0.023478 15.024500 0.165687 0.019506 0.985986 -2.119600 0.000000 0.000000 0.000000 1.000000
0.984475 -0.008433 -0.175320 -6.576700 0.005505 0.999837 -0.017180 15.024500 0.175436 0.015948 0.984362 -2.119600 0.000000 0.000000 0.000000 1.000000
0.983698 -0.004280 -0.179776 -6.576700 0.001724 0.999895 -0.014373 15.024500 0.179819 0.013829 0.983602 -2.119600 0.000000 0.000000 0.000000 1.000000
0.984756 0.003397 -0.173906 -6.576700 -0.006103 0.999868 -0.015032 15.024500 0.173832 0.015864 0.984647 -2.119600 0.000000 0.000000 0.000000 1.000000
0.985447 0.009739 -0.169703 -6.576700 -0.013151 0.999733 -0.018997 15.024500 0.169473 0.020953 0.985312 -2.119600 0.000000 0.000000 0.000000 1.000000
0.986397 0.024302 -0.162572 -6.576700 -0.028601 0.999299 -0.024156 15.024500 0.161871 0.028478 0.986401 -2.119600 0.000000 0.000000 0.000000 1.000000
0.990433 -0.036297 -0.133138 -6.576700 0.031310 0.998734 -0.039358 15.024500 0.134398 0.034813 0.990316 -2.119600 0.000000 0.000000 0.000000 1.000000
0.993180 -0.060073 -0.099919 -6.576700 0.055459 0.997290 -0.048338 15.024500 0.102552 0.042467 0.993821 -2.119600 0.000000 0.000000 0.000000 1.000000
0.994102 -0.063414 -0.087977 -6.576700 0.058787 0.996797 -0.054229 15.024500 0.091134 0.048737 0.994645 -2.119600 0.000000 0.000000 0.000000 1.000000</float_array>
        <technique_common>
          <accessor source="#RightShoulder-Matrix-animation-output-transform-array" count="25" stride="16">
            <param type="float4x4"/>
          </accessor>
        </technique_common>
      </source>
      <source id="RightShoulder-Interpolations">
        <Name_array id="RightShoulder-Interpolations-array" count="25">
 LINEAR LINEAR LINEAR LINEAR LINEAR LINEAR LINEAR LINEAR LINEAR LINEAR LINEAR
LINEAR LINEAR LINEAR LINEAR LINEAR LINEAR LINEAR LINEAR LINEAR LINEAR LINEAR LINEAR
LINEAR LINEAR</Name_array>
        <technique_common>
          <accessor source="#RightShoulder-Interpolations-array" count="25">
            <param type="name"/>
          </accessor>
        </technique_common>
      </source>
      <sampler id="RightShoulder-Matrix-animation-transform">
        <input semantic="INPUT" source="#RightShoulder-Matrix-animation-input"/>
        <input semantic="OUTPUT" source="#RightShoulder-Matrix-animation-output-transform"/>
        <input semantic="INTERPOLATION" source="#RightShoulder-Interpolations"/>
      </sampler>
      <channel source="#RightShoulder-Matrix-animation-transform" target="RightShoulder/matrix"/>
      <source id="RightArm-Matrix-animation-input">
        <float_array id="RightArm-Matrix-animation-input-array" count="25">

0.000000 0.033333 0.066667 0.100000 0.133333 0.166667 0.200000 0.233333 0.266667 0.300000 0.333333 0.366667 0.400000 0.433333 0.466667 0.500000
0.533333 0.566667 0.600000 0.633333 0.666667 0.700000 0.733333 0.766667 0.800000</float_array>
        <technique_common>
