<?xml version="1.0" encoding="utf-8"?>
<COLLADA xmlns="http://www.collada.org/2005/11/COLLADASchema" version="1.4.1">
  <asset>
    <contributor>
      <author>Mixamo</author>
      <authoring_tool>COLLADA Mixamo exporter</authoring_tool>
      <comments/>
    </contributor>
    <created>2021-07-12T08:29:10Z</created>
    <modified>2021-07-12T08:29:10Z</modified>
    <revision/>
    <title/>
    <unit meter="0.010000"/>
    <up_axis>Y_UP</up_axis>
  </asset>
  <library_animations>
    <animation>
      <source id="Hips-Matrix-animation-input">
        <float_array id="Hips-Matrix-animation-input-array" count="19">

0.000000 0.033333 0.066667 0.100000 0.133333 0.166667 0.200000 0.233333 0.266667 0.300000 0.333333 0.366667 0.400000 0.433333 0.466667 0.500000
0.533333 0.566667 0.600000</float_array>
        <technique_common>
          <accessor source="#Hips-Matrix-animation-input-array" count="19">
            <param name="TIME" type="float"/>
          </accessor>
        </technique_common>
      </source>
      <source id="Hips-Matrix-animation-output-transform">
        <float_array id="Hips-Matrix-animation-output-transform-array" count="304">

0.955318 0.198360 0.219138 0.738243 -0.157374 0.968898 -0.190971 94.481705 -0.250203 0.147951 0.956822 1.786817 0.000000 0.000000 0.000000 1.000000
0.968091 0.161616 0.191520 0.118682 -0.118737 0.968839 -0.217376 96.973526 -0.220683 0.187700 0.957114 1.022257 0.000000 0.000000 0.000000 1.000000
0.982434 0.111810 0.149408 -0.130282 -0.075533 0.970371 -0.229509 101.045029 -0.170643 0.214192 0.961771 0.827674 0.000000 0.000000 0.000000 1.000000
0.989033 0.089166 0.117742 -0.567292 -0.057180 0.966196 -0.251388 104.348724 -0.136177 0.241899 0.960698 0.747177 0.000000 0.000000 0.000000 1.000000
0.991020 0.076210 0.109872 -1.069446 -0.047828 0.969354 -0.240968 105.872101 -0.124869 0.233549 0.964294 1.022046 0.000000 0.000000 0.000000 1.000000
0.992532 0.066564 0.102218 -1.274114 -0.044017 0.976969 -0.208791 105.263397 -0.113762 0.202732 0.972604 1.149651 0.000000 0.000000 0.000000 1.000000
0.994820 0.050157 0.088419 -1.473323 -0.033082 0.982191 -0.184952 103.055687 -0.096121 0.181069 0.978762 0.746794 0.000000 0.000000 0.000000 1.000000
0.996226 0.029510 0.081624 -1.548219 -0.017549 0.989487 -0.143550 99.991814 -0.085002 0.141576 0.986271 0.198575 0.000000 0.000000 0.000000 1.000000
0.994478 0.005564 0.104801 -2.339025 0.006283 0.993646 -0.112379 97.612305 -0.104761 0.112417 0.988123 -0.907031 0.000000 0.000000 0.000000 1.000000
0.986943 0.026840 0.158818 -2.640144 -0.008901 0.993600 -0.112608 98.104446 -0.160824 0.109724 0.980865 -1.113366 0.000000 0.000000 0.000000 1.000000
0.971283 0.060694 0.230055 -1.890348 -0.036486 0.993475 -0.108060 101.116646 -0.235112 0.096564 0.967160 -0.599145 0.000000 0.000000 0.000000 1.000000
0.956456 0.111768 0.269631 -1.031253 -0.082592 0.989661 -0.117259 104.483452 -0.279949 0.089884 0.955798 0.327917 0.000000 0.000000 0.000000 1.000000
0.952638 0.120139 0.279371 -0.255994 -0.085496 0.987410 -0.133084 105.840698 -0.291842 0.102895 0.950916 1.398644 0.000000 0.000000 0.000000 1.000000
0.960999 0.080405 0.264604 0.951818 -0.048779 0.991082 -0.124002 105.609573 -0.272215 0.106259 0.956351 2.805371 0.000000 0.000000 0.000000 1.000000
0.966608 0.072910 0.245668 1.629200 -0.048912 0.993538 -0.102416 104.320511 -0.251548 0.086980 0.963929 3.729751 0.000000 0.000000 0.000000 1.000000
0.966863 0.077274 0.243321 1.705790 -0.056556 0.994242 -0.091022 102.161804 -0.248953 0.074244 0.965666 3.837898 0.000000 0.000000 0.000000 1.000000
0.961256 0.102244 0.255993 1.380303 -0.078799 0.991837 -0.100247 98.143997 -0.264153 0.076191 0.961467 3.361621 0.000000 0.000000 0.000000 1.000000
0.949762 0.182005 0.254610 1.190936 -0.152587 0.979564 -0.131039 94.809204 -0.273256 0.085606 0.958125 2.183976 0.000000 0.000000 0.000000 1.000000
0.955318 0.198360 0.219138 0.738238 -0.157373 0.968898 -0.190971 94.481644 -0.250203 0.147951 0.956822 1.786814 0.000000 0.000000 0.000000 1.000000</float_array>
        <technique_common>
          <accessor source="#Hips-Matrix-animation-output-transform-array" count="19" stride="16">
            <param type="float4x4"/>
          </accessor>
        </technique_common>
      </source>
      <source id="Hips-Interpolations">
        <Name_array id="Hips-Interpolations-array" count="19">
 LINEAR LINEAR LINEAR LINEAR LINEAR LINEAR LINEAR LINEAR LINEAR LINEAR LINEAR
LINEAR LINEAR LINEAR LINEAR LINEAR LINEAR LINEAR LINEAR</Name_array>
        <technique_common>
          <accessor source="#Hips-Interpolations-array" count="19">
            <param type="name"/>
          </accessor>
        </technique_common>
      </source>
      <sampler id="Hips-Matrix-animation-transform">
        <input semantic="INPUT" source="#Hips-Matrix-animation-input"/>
        <input semantic="OUTPUT" source="#Hips-Matrix-animation-output-transform"/>
        <input semantic="INTERPOLATION" source="#Hips-Interpolations"/>
      </sampler>
      <channel source="#Hips-Matrix-animation-transform" target="Hips/matrix"/>
      <source id="Spine-Matrix-animation-input">
        <float_array id="Spine-Matrix-animation-input-array" count="19">

0.000000 0.033333 0.066667 0.100000 0.133333 0.166667 0.200000 0.233333 0.266667 0.300000 0.333333 0.366667 0.400000 0.433333 0.466667 0.500000
0.533333 0.566667 0.600000</float_array>
        <technique_common>
          <accessor source="#Spine-Matrix-animation-input-array" count="19">
            <param name="TIME" type="float"/>
          </accessor>
        </technique_common>
      </source>
      <source id="Spine-Matrix-animation-output-transform">
        <float_array id="Spine-Matrix-animation-output-transform-array" count="304">

0.990746 -0.128483 -0.043751 0.000000 0.121277 0.982743 -0.139672 5.245300 0.060942 0.133073 0.989231 0.258800 0.000000 0.000000 0.000000 1.000000
0.997095 -0.075273 -0.011610 0.000000 0.073376 0.990242 -0.118473 5.245300 0.020415 0.117277 0.992889 0.258800 0.000000 0.000000 0.000000 1.000000
0.999248 -0.008674 0.037789 0.000000 0.012748 0.993968 -0.108925 5.245300 -0.036616 0.109325 0.993331 0.258800 0.000000 0.000000 0.000000 1.000000
0.996383 0.033445 0.078119 0.000000 -0.026191 0.995404 -0.092111 5.245300 -0.080840 0.089732 0.992680 0.258800 0.000000 0.000000 0.000000 1.000000
0.995078 0.051365 0.084742 0.000000 -0.044460 0.995685 -0.081450 5.245300 -0.088560 0.077281 0.993068 0.258800 0.000000 0.000000 0.000000 1.000000
0.994744 0.057382 0.084799 0.000000 -0.050169 0.995128 -0.084873 5.245300 -0.089256 0.080173 0.992777 0.258800 0.000000 0.000000 0.000000 1.000000
0.994056 0.072516 0.081198 0.000000 -0.064283 0.992931 -0.099778 5.245300 -0.087860 0.093965 0.991691 0.258800 0.000000 0.000000 0.000000 1.000000
0.994922 0.086939 0.050705 0.000000 -0.079452 0.987715 -0.134558 5.245300 -0.061780 0.129847 0.989608 0.258800 0.000000 0.000000 0.000000 1.000000
0.994027 0.107541 -0.018568 0.000000 -0.109132 0.979265 -0.170676 5.245300 -0.000172 0.171683 0.985152 0.258800 0.000000 0.000000 0.000000 1.000000
0.993776 0.082118 -0.075276 0.000000 -0.093846 0.981217 -0.168541 5.245300 0.060022 0.174557 0.982816 0.258800 0.000000 0.000000 0.000000 1.000000
0.990745 0.026521 -0.133120 0.000000 -0.048564 0.985066 -0.165186 5.245300 0.126751 0.170122 0.977237 0.258800 0.000000 0.000000 0.000000 1.000000
0.984437 -0.041131 -0.170855 0.000000 0.013924 0.987424 -0.157482 5.245300 0.175184 0.152653 0.972629 0.258800 0.000000 0.000000 0.000000 1.000000
0.980679 -0.065216 -0.184435 -0.000000 0.041683 0.990806 -0.128710 5.245300 0.191133 0.118535 0.974381 0.258800 0.000000 0.000000 0.000000 1.000000
0.983331 -0.051172 -0.174477 0.000000 0.033058 0.993903 -0.105189 5.245300 0.178796 0.097668 0.979027 0.258800 0.000000 0.000000 0.000000 1.000000
0.984553 -0.058378 -0.165067 0.000000 0.039611 0.992600 -0.114785 5.245300 0.170546 0.106473 0.979580 0.258800 0.000000 0.000000 0.000000 1.000000
0.986375 -0.060334 -0.153049 0.000000 0.039212 0.989732 -0.137450 5.245300 0.159771 0.129576 0.978613 0.258800 0.000000 0.000000 0.000000 1.000000
0.989145 -0.067273 -0.130639 -0.000000 0.046842 0.987022 -0.153600 5.245300 0.139277 0.145814 0.979459 0.258800 0.000000 0.000000 0.000000 1.000000
0.987700 -0.126126 -0.092412 0.000000 0.108667 0.978680 -0.174292 5.245300 0.112424 0.162107 0.980348 0.258800 0.000000 0.000000 0.000000 1.000000
0.990746 -0.128483 -0.043752 0.000000 0.121277 0.982743 -0.139672 5.245300 0.060942 0.133074 0.989231 0.258800 0.000000 0.000000 0.000000 1.000000</float_array>
        <technique_common>
          <accessor source="#Spine-Matrix-animation-output-transform-array" count="19" stride="16">
            <param type="float4x4"/>
          </accessor>
        </technique_common>
      </source>
      <source id="Spine-Interpolations">
        <Name_array id="Spine-Interpolations-array" count="19">
 LINEAR LINEAR LINEAR LINEAR LINEAR LINEAR LINEAR LINEAR LINEAR LINEAR LINEAR
LINEAR LINEAR LINEAR LINEAR LINEAR LINEAR LINEAR LINEAR</Name_array>
        <technique_common>
          <accessor source="#Spine-Interpolations-array" count="19">
            <param type="name"/>
          </accessor>
        </technique_common>
      </source>
      <sampler id="Spine-Matrix-animation-transform">
        <input semantic="INPUT" source="#Spine-Matrix-animation-input"/>
        <input semantic="OUTPUT" source="#Spine-Matrix-animation-output-transform"/>
        <input semantic="INTERPOLATION" source="#Spine-Interpolations"/>
      </sampler>
      <channel source="#Spine-Matrix-animation-transform" target="Spine/matrix"/>
      <source id="Spine1-Matrix-animation-input">
        <float_array id="Spine1-Matrix-animation-input-array" count="19">

0.000000 0.033333 0.066667 0.100000 0.133333 0.166667 0.200000 0.233333 0.266667 0.300000 0.333333 0.366667 0.400000 0.433333 0.466667 0.500000
0.533333 0.566667 0.600000</float_array>
        <technique_common>
          <accessor source="#Spine1-Matrix-animation-input-array" count="19">
            <param name="TIME" type="float"/>
          </accessor>
        </technique_common>
      </source>
      <source id="Spine1-Matrix-animation-output-transform">
        <float_array id="Spine1-Matrix-animation-output-transform-array" count="304">

0.999328 -0.025178 -0.026631 -0.031400 0.024452 0.999330 -0.027243 11.044900 0.027299 0.026573 0.999274 -0.697600 0.000000 0.000000 0.000000 1.000000
0.999853 -0.013308 -0.010855 -0.031400 0.013164 0.999826 -0.013217 11.044900 0.011029 0.013072 0.999854 -0.697600 0.000000 0.000000 0.000000 1.000000
0.999896 0.000295 0.014403 -0.031400 -0.000273 0.999999 -0.001535 11.044900 -0.014403 0.001531 0.999895 -0.697600 0.000000 0.000000 0.000000 1.000000
0.999352 0.006228 0.035456 -0.031400 -0.006333 0.999976 0.002865 11.044900 -0.035437 -0.003088 0.999367 -0.697600 0.000000 0.000000 0.000000 1.000000
0.999132 0.011376 0.040076 -0.031400 -0.011137 0.999919 -0.006166 11.044900 -0.040143 0.005714 0.999178 -0.697600 0.000000 0.000000 0.000000 1.000000
0.999101 0.014985 0.039647 -0.031400 -0.014394 0.999781 -0.015167 11.044900 -0.039866 0.014583 0.999099 -0.697600 0.000000 0.000000 0.000000 1.000000
0.999155 0.015175 0.038207 -0.031400 -0.014664 0.999800 -0.013628 11.044900 -0.038406 0.013056 0.999177 -0.697600 0.000000 0.000000 0.000000 1.000000
0.999525 0.017339 0.025460 -0.031400 -0.016864 0.999682 -0.018738 11.044900 -0.025777 0.018300 0.999500 -0.697600 0.000000 0.000000 0.000000 1.000000
0.999739 0.022698 -0.002673 -0.031400 -0.022766 0.999330 -0.028671 11.044900 0.002020 0.028725 0.999585 -0.697600 0.000000 0.000000 0.000000 1.000000
0.999454 0.017172 -0.028211 -0.031400 -0.017989 0.999419 -0.028935 11.044900 0.027698 0.029427 0.999183 -0.697600 0.000000 0.000000 0.000000 1.000000
0.998373 0.005110 -0.056790 -0.031400 -0.006528 0.999671 -0.024807 11.044900 0.056645 0.025137 0.998078 -0.697600 0.000000 0.000000 0.000000 1.000000
0.996879 -0.011205 -0.078142 -0.031400 0.009317 0.999657 -0.024480 11.044900 0.078390 0.023676 0.996642 -0.697600 0.000000 0.000000 0.000000 1.000000
0.996189 -0.009446 -0.086707 -0.031400 0.007104 0.999603 -0.027281 11.044900 0.086930 0.026561 0.995860 -0.697600 0.000000 0.000000 0.000000 1.000000
0.996580 0.006156 -0.082405 -0.031400 -0.009017 0.999368 -0.034397 11.044900 0.082141 0.035023 0.996005 -0.697600 0.000000 0.000000 0.000000 1.000000
0.996852 0.011117 -0.078500 -0.031400 -0.014503 0.998983 -0.042699 11.044900 0.077946 0.043703 0.995999 -0.697600 0.000000 0.000000 0.000000 1.000000
0.997497 0.004303 -0.070581 -0.031400 -0.007358 0.999045 -0.043074 11.044900 0.070328 0.043486 0.996576 -0.697600 0.000000 0.000000 0.000000 1.000000
0.998215 -0.009995 -0.058877 -0.031400 0.007736 0.999229 -0.038479 11.044900 0.059216 0.037955 0.997523 -0.697600 0.000000 0.000000 0.000000 1.000000
0.998582 -0.024998 -0.047000 -0.031400 0.023219 0.999007 -0.038025 11.044900 0.047903 0.036880 0.998171 -0.697600 0.000000 0.000000 0.000000 1.000000
0.999328 -0.025178 -0.026631 -0.031400 0.024452 0.999330 -0.027243 11.044900 0.027299 0.026573 0.999274 -0.697600 0.000000 0.000000 0.000000 1.000000</float_array>
        <technique_common>
          <accessor source="#Spine1-Matrix-animation-output-transform-array" count="19" stride="16">
            <param type="float4x4"/>
          </accessor>
        </technique_common>
      </source>
      <source id="Spine1-Interpolations">
        <Name_array id="Spine1-Interpolations-array" count="19">
 LINEAR LINEAR LINEAR LINEAR LINEAR LINEAR LINEAR LINEAR LINEAR LINEAR LINEAR
LINEAR LINEAR LINEAR LINEAR LINEAR LINEAR LINEAR LINEAR</Name_array>
        <technique_common>
          <accessor source="#Spine1-Interpolations-array" count="19">
            <param type="name"/>
          </accessor>
        </technique_common>
      </source>
      <sampler id="Spine1-Matrix-animation-transform">
        <input semantic="INPUT" source="#Spine1-Matrix-animation-input"/>
        <input semantic="OUTPUT" source="#Spine1-Matrix-animation-output-transform"/>
        <input semantic="INTERPOLATION" source="#Spine1-Interpolations"/>
      </sampler>
      <channel source="#Spine1-Matrix-animation-transform" target="Spine1/matrix"/>
      <source id="Spine2-Matrix-animation-input">
        <float_array id="Spine2-Matrix-animation-input-array" count="19">

0.000000 0.033333 0.066667 0.100000 0.133333 0.166667 0.200000 0.233333 0.266667 0.300000 0.333333 0.366667 0.400000 0.433333 0.466667 0.500000
0.533333 0.566667 0.600000</float_array>
        <technique_common>
          <accessor source="#Spine2-Matrix-animation-input-array" count="19">
            <param name="TIME" type="float"/>
          </accessor>
        </technique_common>
      </source>
      <source id="Spine2-Matrix-animation-output-transform">
        <float_array id="Spine2-Matrix-animation-output-transform-array" count="304">

0.999320 -0.025468 -0.026680 -0.035900 0.024747 0.999329 -0.027011 8.068900 0.027350 0.026332 0.999279 -1.087700 0.000000 0.000000 0.000000 1.000000
0.999851 -0.013435 -0.010804 -0.035900 0.013293 0.999825 -0.013188 8.068900 0.010980 0.013042 0.999855 -1.087700 0.000000 0.000000 0.000000 1.000000
0.999896 0.000485 0.014396 -0.035900 -0.000464 0.999999 -0.001484 8.068900 -0.014397 0.001477 0.999895 -1.087700 0.000000 0.000000 0.000000 1.000000
0.999352 0.006688 0.035380 -0.035900 -0.006800 0.999972 0.003055 8.068900 -0.035359 -0.003293 0.999369 -1.087700 0.000000 0.000000 0.000000 1.000000
0.999130 0.011674 0.040033 -0.035900 -0.011441 0.999916 -0.006043 8.068900 -0.040100 0.005580 0.999180 -1.087700 0.000000 0.000000 0.000000 1.000000
0.999099 0.015146 0.039635 -0.035900 -0.014557 0.999780 -0.015118 8.068900 -0.039855 0.014528 0.999100 -1.087700 0.000000 0.000000 0.000000 1.000000
0.999152 0.015478 0.038165 -0.035900 -0.014972 0.999797 -0.013519 8.068900 -0.038367 0.012936 0.999180 -1.087700 0.000000 0.000000 0.000000 1.000000
0.999521 0.017656 0.025399 -0.035900 -0.017185 0.999679 -0.018628 8.068900 -0.025719 0.018182 0.999504 -1.087700 0.000000 0.000000 0.000000 1.000000
0.999739 0.022703 -0.002728 -0.035900 -0.022772 0.999330 -0.028665 8.068900 0.002075 0.028720 0.999585 -1.087700 0.000000 0.000000 0.000000 1.000000
0.999461 0.016806 -0.028215 -0.035900 -0.017625 0.999423 -0.029051 8.068900 0.027711 0.029533 0.999180 -1.087700 0.000000 0.000000 0.000000 1.000000
0.998381 0.004339 -0.056713 -0.035900 -0.005762 0.999672 -0.024959 8.068900 0.056586 0.025246 0.998078 -1.087700 0.000000 0.000000 0.000000 1.000000
0.996878 -0.012171 -0.078010 -0.035900 0.010290 0.999647 -0.024477 8.068900 0.078280 0.023597 0.996652 -1.087700 0.000000 0.000000 0.000000 1.000000
0.996186 -0.010001 -0.086683 -0.035900 0.007686 0.999606 -0.027000 8.068900 0.086919 0.026231 0.995870 -1.087700 0.000000 0.000000 0.000000 1.000000
0.996576 0.006290 -0.082448 -0.035900 -0.009096 0.999390 -0.033706 8.068900 0.082186 0.034340 0.996025 -1.087700 0.000000 0.000000 0.000000 1.000000
0.996850 0.011357 -0.078499 -0.035900 -0.014676 0.999017 -0.041835 8.068900 0.077946 0.042855 0.996036 -1.087700 0.000000 0.000000 0.000000 1.000000
0.997497 0.004094 -0.070587 -0.035900 -0.007125 0.999061 -0.042739 8.068900 0.070345 0.043135 0.996590 -1.087700 0.000000 0.000000 0.000000 1.000000
0.998215 -0.010477 -0.058804 -0.035900 0.008216 0.999222 -0.038561 8.068900 0.059162 0.038009 0.997525 -1.087700 0.000000 0.000000 0.000000 1.000000
0.998572 -0.025609 -0.046883 -0.035900 0.023842 0.998998 -0.037869 8.068900 0.047805 0.036697 0.998182 -1.087700 0.000000 0.000000 0.000000 1.000000
0.999320 -0.025468 -0.026680 -0.035900 0.024747 0.999329 -0.027011 8.068900 0.027350 0.026332 0.999279 -1.087700 0.000000 0.000000 0.000000 1.000000</float_array>
        <technique_common>
          <accessor source="#Spine2-Matrix-animation-output-transform-array" count="19" stride="16">
            <param type="float4x4"/>
          </accessor>
        </technique_common>
      </source>
      <source id="Spine2-Interpolations">
        <Name_array id="Spine2-Interpolations-array" count="19">
 LINEAR LINEAR LINEAR LINEAR LINEAR LINEAR LINEAR LINEAR LINEAR LINEAR LINEAR
LINEAR LINEAR LINEAR LINEAR LINEAR LINEAR LINEAR LINEAR</Name_array>
        <technique_common>
          <accessor source="#Spine2-Interpolations-array" count="19">
            <param type="name"/>
          </accessor>
        </technique_common>
      </source>
      <sampler id="Spine2-Matrix-animation-transform">
        <input semantic="INPUT" source="#Spine2-Matrix-animation-input"/>
        <input semantic="OUTPUT" source="#Spine2-Matrix-animation-output-transform"/>
        <input semantic="INTERPOLATION" source="#Spine2-Interpolations"/>
      </sampler>
      <channel source="#Spine2-Matrix-animation-transform" target="Spine2/matrix"/>
      <source id="Neck-Matrix-animation-input">
        <float_array id="Neck-Matrix-animation-input-array" count="19">

0.000000 0.033333 0.066667 0.100000 0.133333 0.166667 0.200000 0.233333 0.266667 0.300000 0.333333 0.366667 0.400000 0.433333 0.466667 0.500000
0.533333 0.566667 0.600000</float_array>
        <technique_common>
          <accessor source="#Neck-Matrix-animation-input-array" count="19">
            <param name="TIME" type="float"/>
          </accessor>
        </technique_common>
      </source>
      <source id="Neck-Matrix-animation-output-transform">
        <float_array id="Neck-Matrix-animation-output-transform-array" count="304">

0.967283 0.073676 0.242766 -0.040300 -0.080854 0.996531 0.019724 18.919500 -0.240471 -0.038707 0.969884 -3.736100 0.000000 0.000000 0.000000 1.000000
0.968321 0.072956 0.238812 -0.040300 -0.078941 0.996757 0.015583 18.919500 -0.236900 -0.033941 0.970941 -3.736100 0.000000 0.000000 0.000000 1.000000
0.969368 0.074102 0.234167 -0.040300 -0.079632 0.996723 0.014237 18.919500 -0.232344 -0.032448 0.972092 -3.736100 0.000000 0.000000 0.000000 1.000000
0.969941 0.077100 0.230802 -0.040300 -0.083744 0.996304 0.019116 18.919500 -0.228475 -0.037870 0.972813 -3.736100 0.000000 0.000000 0.000000 1.000000
0.969893 0.080495 0.229842 -0.040300 -0.087622 0.995933 0.020952 18.919500 -0.227221 -0.040461 0.973002 -3.736100 0.000000 0.000000 0.000000 1.000000
0.969534 0.084048 0.230088 -0.040300 -0.090164 0.995796 0.016176 18.919500 -0.227761 -0.036429 0.973035 -3.736100 0.000000 0.000000 0.000000 1.000000
0.968967 0.088021 0.230989 -0.040300 -0.093321 0.995563 0.012096 18.919500 -0.228899 -0.033277 0.972881 -3.736100 0.000000 0.000000 0.000000 1.000000
0.968448 0.087537 0.233336 -0.040300 -0.093167 0.995563 0.013195 18.919500 -0.231146 -0.034518 0.972307 -3.736100 0.000000 0.000000 0.000000 1.000000
0.968002 0.084164 0.236406 -0.040300 -0.090304 0.995798 0.015245 18.919500 -0.234129 -0.036106 0.971535 -3.736100 0.000000 0.000000 0.000000 1.000000
0.967294 0.086915 0.238304 -0.040300 -0.092364 0.995656 0.011775 18.919500 -0.236245 -0.033401 0.971119 -3.736100 0.000000 0.000000 0.000000 1.000000
0.966546 0.090054 0.240166 -0.040300 -0.094822 0.995459 0.008347 18.919500 -0.238324 -0.030841 0.970696 -3.736100 0.000000 0.000000 0.000000 1.000000
0.966009 0.090283 0.242229 -0.040300 -0.095791 0.995340 0.011033 18.919500 -0.240104 -0.033862 0.970156 -3.736100 0.000000 0.000000 0.000000 1.000000
0.965937 0.088264 0.243261 -0.040300 -0.094702 0.995394 0.014879 18.919500 -0.240827 -0.037410 0.969847 -3.736100 0.000000 0.000000 0.000000 1.000000
0.965602 0.089430 0.244160 -0.040300 -0.094945 0.995423 0.010889 18.919500 -0.242069 -0.033696 0.969674 -3.736100 0.000000 0.000000 0.000000 1.000000
0.965523 0.087434 0.245194 -0.040300 -0.091844 0.995752 0.006584 18.919500 -0.243576 -0.028877 0.969452 -3.736100 0.000000 0.000000 0.000000 1.000000
0.965668 0.085328 0.245368 -0.040300 -0.089290 0.995993 0.005049 18.919500 -0.243954 -0.026784 0.969417 -3.736100 0.000000 0.000000 0.000000 1.000000
0.966229 0.082430 0.244147 -0.040300 -0.086022 0.996285 0.004069 18.919500 -0.242904 -0.024934 0.969730 -3.736100 0.000000 0.000000 0.000000 1.000000
0.967048 0.076182 0.242929 -0.040300 -0.081552 0.996595 0.012111 18.919500 -0.241179 -0.031524 0.969969 -3.736100 0.000000 0.000000 0.000000 1.000000
0.967296 0.073688 0.242712 -0.040300 -0.080865 0.996530 0.019728 18.919500 -0.240416 -0.038710 0.969898 -3.736100 0.000000 0.000000 0.000000 1.000000</float_array>
        <technique_common>
          <accessor source="#Neck-Matrix-animation-output-transform-array" count="19" stride="16">
            <param type="float4x4"/>
          </accessor>
        </technique_common>
      </source>
      <source id="Neck-Interpolations">
        <Name_array id="Neck-Interpolations-array" count="19">
 LINEAR LINEAR LINEAR LINEAR LINEAR LINEAR LINEAR LINEAR LINEAR LINEAR LINEAR
LINEAR LINEAR LINEAR LINEAR LINEAR LINEAR LINEAR LINEAR</Name_array>
        <technique_common>
          <accessor source="#Neck-Interpolations-array" count="19">
            <param type="name"/>
          </accessor>
        </technique_common>
      </source>
      <sampler id="Neck-Matrix-animation-transform">
        <input semantic="INPUT" source="#Neck-Matrix-animation-input"/>
        <input semantic="OUTPUT" source="#Neck-Matrix-animation-output-transform"/>
        <input semantic="INTERPOLATION" source="#Neck-Interpolations"/>
      </sampler>
      <channel source="#Neck-Matrix-animation-transform" target="Neck/matrix"/>
      <source id="Head-Matrix-animation-input">
        <float_array id="Head-Matrix-animation-input-array" count="19">

0.000000 0.033333 0.066667 0.100000 0.133333 0.166667 0.200000 0.233333 0.266667 0.300000 0.333333 0.366667 0.400000 0.433333 0.466667 0.500000
0.533333 0.566667 0.600000</float_array>
        <technique_common>
          <accessor source="#Head-Matrix-animation-input-array" count="19">
            <param name="TIME" type="float"/>
          </accessor>
        </technique_common>
      </source>
      <source id="Head-Matrix-animation-output-transform">
        <float_array id="Head-Matrix-animation-output-transform-array" count="304">

0.922829 0.028312 -0.384169 0.000000 0.100984 0.944635 0.312196 8.673000 0.371739 -0.326898 0.868877 3.319300 0.000000 0.000000 0.000000 1.000000
0.908964 0.020331 -0.416379 0.000000 0.104530 0.955785 0.274861 8.673000 0.403557 -0.293363 0.866649 3.319300 0.000000 0.000000 0.000000 1.000000
0.884338 -0.005306 -0.466817 0.000000 0.127861 0.964454 0.231257 8.673000 0.448996 -0.264197 0.853582 3.319300 0.000000 0.000000 0.000000 1.000000
0.865601 -0.016967 -0.500447 0.000000 0.152206 0.961051 0.230682 8.673000 0.477042 -0.275849 0.834469 3.319300 0.000000 0.000000 0.000000 1.000000
0.861890 -0.031569 -0.506112 0.000000 0.168805 0.959000 0.227650 8.673000 0.478174 -0.281643 0.831881 3.319300 0.000000 0.000000 0.000000 1.000000
0.866180 -0.043176 -0.497863 -0.000000 0.175640 0.959002 0.222411 8.673000 0.467849 -0.280093 0.838251 3.319300 0.000000 0.000000 0.000000 1.000000
0.875441 -0.050191 -0.480712 -0.000000 0.175786 0.959543 0.219945 8.673000 0.450225 -0.277051 0.848846 3.319300 0.000000 0.000000 0.000000 1.000000
0.897557 -0.070079 -0.435294 -0.000000 0.189748 0.952576 0.237895 8.673000 0.397979 -0.296121 0.868289 3.319300 0.000000 0.000000 0.000000 1.000000
0.925564 -0.084327 -0.369081 0.000000 0.198826 0.937887 0.284318 8.673000 0.322180 -0.336537 0.884840 3.319300 0.000000 0.000000 0.000000 1.000000
0.938858 -0.094669 -0.331034 -0.000000 0.190194 0.944050 0.269436 8.673000 0.287006 -0.315923 0.904334 3.319300 0.000000 0.000000 0.000000 1.000000
0.954748 -0.086874 -0.284444 0.000000 0.162228 0.953702 0.253249 8.673000 0.249274 -0.287934 0.924638 3.319300 0.000000 0.000000 0.000000 1.000000
0.974740 -0.065752 -0.213446 0.000000 0.120633 0.959284 0.255387 8.673000 0.187963 -0.274685 0.942984 3.319300 0.000000 0.000000 0.000000 1.000000
0.980100 -0.050865 -0.191878 -0.000000 0.094439 0.969695 0.225328 8.673000 0.174601 -0.238965 0.955202 3.319300 0.000000 0.000000 0.000000 1.000000
0.977673 -0.039088 -0.206464 0.000000 0.084570 0.972652 0.216325 8.673000 0.192362 -0.228956 0.954241 3.319300 0.000000 0.000000 0.000000 1.000000
0.975124 -0.024115 -0.220346 0.000000 0.076481 0.969623 0.232340 8.673000 0.208050 -0.243413 0.947347 3.319300 0.000000 0.000000 0.000000 1.000000
0.967311 -0.007431 -0.253484 0.000000 0.071170 0.967354 0.243232 8.673000 0.243402 -0.253321 0.936261 3.319300 0.000000 0.000000 0.000000 1.000000
0.951621 0.002841 -0.307260 0.000000 0.085271 0.958241 0.272953 8.673000 0.295205 -0.285948 0.911640 3.319300 0.000000 0.000000 0.000000 1.000000
0.935945 0.008533 -0.352043 -0.000000 0.108312 0.944269 0.310846 8.673000 0.335076 -0.329065 0.882859 3.319300 0.000000 0.000000 0.000000 1.000000
0.922803 0.028349 -0.384229 0.000000 0.101021 0.944591 0.312317 8.673000 0.371793 -0.327022 0.868807 3.319300 0.000000 0.000000 0.000000 1.000000</float_array>
        <technique_common>
          <accessor source="#Head-Matrix-animation-output-transform-array" count="19" stride="16">
            <param type="float4x4"/>
          </accessor>
        </technique_common>
      </source>
      <source id="Head-Interpolations">
        <Name_array id="Head-Interpolations-array" count="19">
 LINEAR LINEAR LINEAR LINEAR LINEAR LINEAR LINEAR LINEAR LINEAR LINEAR LINEAR
LINEAR LINEAR LINEAR LINEAR LINEAR LINEAR LINEAR LINEAR</Name_array>
        <technique_common>
          <accessor source="#Head-Interpolations-array" count="19">
            <param type="name"/>
          </accessor>
        </technique_common>
      </source>
      <sampler id="Head-Matrix-animation-transform">
        <input semantic="INPUT" source="#Head-Matrix-animation-input"/>
        <input semantic="OUTPUT" source="#Head-Matrix-animation-output-transform"/>
        <input semantic="INTERPOLATION" source="#Head-Interpolations"/>
      </sampler>
      <channel source="#Head-Matrix-animation-transform" target="Head/matrix"/>
      <source id="RightShoulder-Matrix-animation-input">
        <float_array id="RightShoulder-Matrix-animation-input-array" count="19">

0.000000 0.033333 0.066667 0.100000 0.133333 0.166667 0.200000 0.233333 0.266667 0.300000 0.333333 0.366667 0.400000 0.433333 0.466667 0.500000
0.533333 0.566667 0.600000</float_array>
        <technique_common>
          <accessor source="#RightShoulder-Matrix-animation-input-array" count="19">
            <param name="TIME" type="float"/>
          </accessor>
        </technique_common>
      </source>
      <source id="RightShoulder-Matrix-animation-output-transform">
        <float_array id="RightShoulder-Matrix-animation-output-transform-array" count="304">

0.994102 -0.063414 -0.087977 -6.576700 0.058787 0.996797 -0.054229 15.024500 0.091134 0.048737 0.994645 -2.119600 0.000000 0.000000 0.000000 1.000000
0.994812 -0.081506 -0.060869 -6.576700 0.078540 0.995675 -0.049625 15.024500 0.064650 0.044587 0.996911 -2.119600 0.000000 0.000000 0.000000 1.000000
0.997110 -0.064181 -0.040640 -6.576700 0.062370 0.997067 -0.044353 15.024500 0.043367 0.041690 0.998189 -2.119600 0.000000 0.000000 0.000000 1.000000
0.997962 -0.045271 -0.044967 -6.576700 0.043465 0.998240 -0.040353 15.024500 0.046714 0.038316 0.998173 -2.119600 0.000000 0.000000 0.000000 1.000000
0.997284 -0.059939 -0.042808 -6.576700 0.058318 0.997568 -0.038171 15.024500 0.044992 0.035571 0.998354 -2.119600 0.000000 0.000000 0.000000 1.000000
0.997004 -0.073025 -0.025508 -6.576700 0.072005 0.996647 -0.038849 15.024500 0.028259 0.036896 0.998919 -2.119600 0.000000 0.000000 0.000000 1.000000
0.996336 -0.079006 -0.032758 -6.576700 0.077593 0.996084 -0.042380 15.024500 0.035978 0.039683 0.998564 -2.119600 0.000000 0.000000 0.000000 1.000000
0.995394 -0.091013 -0.030110 -6.576700 0.089622 0.994971 -0.044721 15.024500 0.034029 0.041816 0.998546 -2.119600 0.000000 0.000000 0.000000 1.000000
0.985136 -0.171080 -0.015432 -6.576700 0.170518 0.984823 -0.032368 15.024500 0.020735 0.029256 0.999357 -2.119600 0.000000 0.000000 0.000000 1.000000
0.979778 -0.193523 -0.050824 -6.576700 0.192125 0.980876 -0.031148 15.024500 0.055880 0.020754 0.998222 -2.119600 0.000000 0.000000 0.000000 1.000000
0.984682 -0.135817 -0.109338 -6.576700 0.132501 0.990489 -0.037078 15.024500 0.113334 0.022023 0.993313 -2.119600 0.000000 0.000000 0.000000 1.000000
0.986534 -0.070568 -0.147549 -6.576700 0.066448 0.997255 -0.032680 15.024500 0.149451 0.022436 0.988515 -2.119600 0.000000 0.000000 0.000000 1.000000
0.985932 -0.025628 -0.165171 -6.576700 0.022047 0.999481 -0.023478 15.024500 0.165687 0.019506 0.985986 -2.119600 0.000000 0.000000 0.000000 1.000000
0.983833 -0.005210 -0.179014 -6.576700 0.002463 0.999876 -0.015567 15.024500 0.179073 0.014875 0.983723 -2.119600 0.000000 0.000000 0.000000 1.000000
0.984312 0.001007 -0.176434 -6.576700 -0.003601 0.999890 -0.014386 15.024500 0.176400 0.014796 0.984207 -2.119600 0.000000 0.000000 0.000000 1.000000
0.985447 0.009739 -0.169703 -6.576700 -0.013151 0.999733 -0.018997 15.024500 0.169473 0.020953 0.985312 -2.119600 0.000000 0.000000 0.000000 1.000000
0.989179 -0.002714 -0.146687 -6.576700 -0.001765 0.999536 -0.030394 15.024500 0.146701 0.030324 0.988716 -2.119600 0.000000 0.000000 0.000000 1.000000
0.991856 -0.054955 -0.114901 -6.576700 0.049960 0.997695 -0.045916 15.024500 0.117159 0.039802 0.992315 -2.119600 0.000000 0.000000 0.000000 1.000000
0.994102 -0.063414 -0.087977 -6.576700 0.058787 0.996797 -0.054229 15.024500 0.091134 0.048737 0.994645 -2.119600 0.000000 0.000000 0.000000 1.000000</float_array>
        <technique_common>
          <accessor source="#RightShoulder-Matrix-animation-output-transform-array" count="19" stride="16">
            <param type="float4x4"/>
          </accessor>
        </technique_common>
      </source>
      <source id="RightShoulder-Interpolations">
        <Name_array id="RightShoulder-Interpolations-array" count="19">
 LINEAR LINEAR LINEAR LINEAR LINEAR LINEAR LINEAR LINEAR LINEAR LINEAR LINEAR
LINEAR LINEAR LINEAR LINEAR LINEAR LINEAR LINEAR LINEAR</Name_array>
        <technique_common>
          <accessor source="#RightShoulder-Interpolations-array" count="19">
            <param type="name"/>
          </accessor>
        </technique_common>
      </source>
      <sampler id="RightShoulder-Matrix-animation-transform">
        <input semantic="INPUT" source="#RightShoulder-Matrix-animation-input"/>
        <input semantic="OUTPUT" source="#RightShoulder-Matrix-animation-output-transform"/>
        <input semantic="INTERPOLATION" source="#RightShoulder-Interpolations"/>
      </sampler>
      <channel source="#RightShoulder-Matrix-animation-transform" target="RightShoulder/matrix"/>
      <source id="RightArm-Matrix-animation-input">
        <float_array id="RightArm-Matrix-animation-input-array" count="19">

0.000000 0.033333 0.066667 0.100000 0.133333 0.166667 0.200000 0.233333 0.266667 0.300000 0.333333 0.366667 0.400000 0.433333 0.466667 0.500000
0.533333 0.566667 0.600000</float_array>
        <technique_common>
          <accessor source="#RightArm-Matrix-animation-input-array" count="19">
            <param name="TIME" type="float"/>
          </accessor>
        </technique_common>
      </source>
      <source id="RightArm-Matrix-animation-output-transform">
        <float_array id="RightArm-Matrix-animation-output-transform-array" count="304">

0.513359 -0.708723 0.483916 -8.685000 0.858087 0.415885 -0.301208 -1.766200 0.012220 0.569870 0.821644 -2.569600 0.000000 0.000000 0.000000 1.000000
0.456369 -0.558444 0.692725 -8.685000 0.880900 0.393340 -0.263246 -1.766200 -0.125468 0.730359 0.671442 -2.569600 0.000000 0.000000 0.000000 1.000000
0.389682 -0.427978 0.815465 -8.685000 0.888118 0.408954 -0.209771 -1.766200 -0.243710 0.805973 0.539456 -2.569600 0.000000 0.000000 0.000000 1.000000
0.342560 -0.327884 0.880423 -8.685000 0.865494 0.474689 -0.159969 -1.766200 -0.365476 0.816800 0.446392 -2.569600 0.000000 0.000000 0.000000 1.000000
0.317760 -0.271214 0.908555 -8.685000 0.819295 0.560862 -0.119118 -1.766200 -0.477267 0.782226 0.400424 -2.569600 0.000000 0.000000 0.000000 1.000000
0.291486 -0.303404 0.907184 -8.685000 0.806064 0.588556 -0.062154 -1.766200 -0.515070 0.749365 0.416119 -2.569600 0.000000 0.000000 0.000000 1.000000
0.280615 -0.376527 0.882883 -8.685000 0.832164 0.553806 -0.028310 -1.766200 -0.478287 0.742648 0.468739 -2.569600 0.000000 0.000000 0.000000 1.000000
0.306534 -0.505161 0.806752 -8.685000 0.869216 0.493989 -0.020949 -1.766200 -0.387944 0.707663 0.590518 -2.569600 0.000000 0.000000 0.000000 1.000000
0.401331 -0.682686 0.610633 -8.685000 0.870881 0.490930 -0.023517 -1.766200 -0.283724 0.541227 0.791564 -2.569600 0.000000 0.000000 0.000000 1.000000
0.461604 -0.803746 0.375385 -8.685000 0.882119 0.460612 -0.098500 -1.766200 -0.093738 0.376602 0.921620 -2.569600 0.000000 0.000000 0.000000 1.000000
0.472145 -0.847534 0.242414 -8.685000 0.867512 0.397897 -0.298500 -1.766200 0.156533 0.351233 0.923111 -2.569600 0.000000 0.000000 0.000000 1.000000
0.493705 -0.852499 0.171760 -8.685000 0.784979 0.351869 -0.509899 -1.766200 0.374251 0.386568 0.842912 -2.569600 0.000000 0.000000 0.000000 1.000000
0.514818 -0.848478 0.122667 -8.685000 0.676373 0.314072 -0.666242 -1.766200 0.526765 0.425962 0.735578 -2.569600 0.000000 0.000000 0.000000 1.000000
0.549369 -0.828241 0.110498 -8.685000 0.573958 0.277940 -0.770274 -1.766200 0.607261 0.486586 0.628067 -2.569600 0.000000 0.000000 0.000000 1.000000
0.601377 -0.785385 0.146687 -8.685000 0.551012 0.274745 -0.787973 -1.766200 0.578560 0.554695 0.597981 -2.569600 0.000000 0.000000 0.000000 1.000000
0.630629 -0.750347 0.198207 -8.685000 0.587677 0.294889 -0.753443 -1.766200 0.506894 0.591625 0.626928 -2.569600 0.000000 0.000000 0.000000 1.000000
0.626241 -0.744131 0.232575 -8.685000 0.659431 0.346435 -0.667183 -1.766200 0.415900 0.571185 0.707655 -2.569600 0.000000 0.000000 0.000000 1.000000
0.606984 -0.731810 0.309879 -8.685000 0.769940 0.444914 -0.457432 -1.766200 0.196884 0.516242 0.833505 -2.569600 0.000000 0.000000 0.000000 1.000000
0.513359 -0.708723 0.483916 -8.685000 0.858087 0.415885 -0.301208 -1.766200 0.012220 0.569870 0.821644 -2.569600 0.000000 0.000000 0.000000 1.000000</float_array>
        <technique_common>
          <accessor source="#RightArm-Matrix-animation-output-transform-array" count="19" stride="16">
            <param type="float4x4"/>
          </accessor>
        </technique_common>
      </source>
      <source id="RightArm-Interpolations">
        <Name_array id="RightArm-Interpolations-array" count="19">
 LINEAR LINEAR LINEAR LINEAR LINEAR LINEAR LINEAR LINEAR LINEAR LINEAR LINEAR
LINEAR LINEAR LINEAR LINEAR LINEAR LINEAR LINEAR LINEAR</Name_array>
        <technique_common>
          <accessor source="#RightArm-Interpolations-array" count="19">
            <param type="name"/>
          </accessor>
        </technique_common>
      </source>
      <sampler id="RightArm-Matrix-animation-transform">
        <input semantic="INPUT" source="#RightArm-Matrix-animation-input"/>
        <input semantic="OUTPUT" source="#RightArm-Matrix-animation-output-transform"/>
        <input semantic="INTERPOLATION" source="#RightArm-Interpolations"/>
      </sampler>
      <channel source="#RightArm-Matrix-animation-transform" target="RightArm/matrix"/>
      <source id="RightForeArm-Matrix-animation-input">
        <float_array id="RightForeArm-Matrix-animation-input-array" count="19">

0.000000 0.033333 0.066667 0.100000 0.133333 0.166667 0.200000 0.233333 0.266667 0.300000 0.333333 0.366667 0.400000 0.433333 0.466667 0.500000
0.533333 0.566667 0.600000</float_array>
        <technique_common>
          <accessor source="#RightForeArm-Matrix-animation-input-array" count="19">
            <param name="TIME" type="float"/>
          </accessor>
        </technique_common>
      </source>
      <source id="RightForeArm-Matrix-animation-output-transform">
        <float_array id="RightForeArm-Matrix-animation-output-transform-array" count="304">

0.375169 -0.000004 0.926957 -24.573900 0.000002 1.000000 0.000003 -0.000100 -0.926957 0.000000 0.375169 0.000000 0.000000 0.000000 0.000000 1.000000
0.249805 -0.000004 0.968296 -24.573900 0.000001 1.000000 0.000004 -0.000100 -0.968296 0.000000 0.249805 0.000000 0.000000 0.000000 0.000000 1.000000
0.115092 -0.000003 0.993355 -24.573900 0.000001 1.000000 0.000003 -0.000100 -0.993355 0.000000 0.115092 -0.000000 0.000000 0.000000 0.000000 1.000000
0.014051 0.000002 0.999901 -24.573900 -0.000000 1.000000 -0.000002 -0.000100 -0.999901 -0.000000 0.014051 -0.000000 0.000000 0.000000 0.000000 1.000000
-0.038553 -0.000002 0.999257 -24.573900 0.000000 1.000000 0.000002 -0.000100 -0.999257 0.000000 -0.038553 0.000000 0.000000 0.000000 0.000000 1.000000
-0.012562 -0.000012 0.999921 -24.573900 -0.000000 1.000000 0.000012 -0.000100 -0.999921 -0.000000 -0.012562 -0.000000 0.000000 0.000000 0.000000 1.000000
0.049160 -0.000005 0.998791 -24.573900 0.000000 1.000000 0.000005 -0.000100 -0.998791 0.000000 0.049160 -0.000000 0.000000 0.000000 0.000000 1.000000
0.156657 -0.000006 0.987653 -24.573900 0.000001 1.000000 0.000005 -0.000100 -0.987653 0.000000 0.156657 0.000000 0.000000 0.000000 0.000000 1.000000
0.346494 -0.000004 0.938052 -24.573900 0.000001 1.000000 0.000003 -0.000100 -0.938052 -0.000000 0.346494 -0.000000 0.000000 0.000000 0.000000 1.000000
0.461817 -0.000004 0.886975 -24.573900 0.000002 1.000000 0.000004 -0.000100 -0.886975 -0.000000 0.461817 0.000000 0.000000 0.000000 0.000000 1.000000
0.433232 -0.000004 0.901282 -24.573900 0.000002 1.000000 0.000003 -0.000100 -0.901282 0.000000 0.433232 0.000000 0.000000 0.000000 0.000000 1.000000
0.367969 -0.000005 0.929838 -24.573900 0.000002 1.000000 0.000005 -0.000100 -0.929838 -0.000000 0.367969 -0.000000 0.000000 0.000000 0.000000 1.000000
0.297870 -0.000005 0.954607 -24.573900 0.000002 1.000000 0.000004 -0.000100 -0.954607 0.000000 0.297870 0.000000 0.000000 0.000000 0.000000 1.000000
