<?xml version="1.0" encoding="utf-8"?>
<COLLADA xmlns="http://www.collada.org/2005/11/COLLADASchema" version="1.4.1">
  <asset>
    <contributor>
      <author>Mixamo</author>
      <authoring_tool>COLLADA Mixamo exporter</authoring_tool>
      <comments/>
    </contributor>
    <created>2021-07-12T08:28:43Z</created>
    <modified>2021-07-12T08:28:43Z</modified>
    <revision/>
    <title/>
    <unit meter="0.010000"/>
    <up_axis>Y_UP</up_axis>
  </asset>
  <library_animations>
    <animation>
      <source id="Hips-Matrix-animation-input">
        <float_array id="Hips-Matrix-animation-input-array" count="19">

0.000000 0.033333 0.066667 0.100000 0.133333 0.166667 0.200000 0.233333 0.266667 0.300000 0.333333 0.366667 0.400000 0.433333 0.466667 0.500000
0.533333 0.566667 0.600000</float_array>
        <technique_common>
          <accessor source="#Hips-Matrix-animation-input-array" count="19">
            <param name="TIME" type="float"/>
          </accessor>
        </technique_common>
      </source>
      <source id="Hips-Matrix-animation-output-transform">
        <float_array id="Hips-Matrix-animation-output-transform-array" count="304">

0.955330 -0.198327 -0.219116 -0.740242 0.157345 0.968904 -0.190967 94.481544 0.250176 0.147960 0.956828 1.784278 0.000000 0.000000 0.000000 1.000000
0.968091 -0.161615 -0.191520 -0.118721 0.118736 0.968839 -0.217376 96.974228 0.220683 0.187700 0.957114 1.022400 0.000000 0.000000 0.000000 1.000000
0.982434 -0.111812 -0.149407 0.130155 0.075535 0.970371 -0.229509 101.045837 0.170642 0.214192 0.961771 0.827863 0.000000 0.000000 0.000000 1.000000
0.989033 -0.089167 -0.117741 0.567168 0.057181 0.966196 -0.251388 104.349503 0.136176 0.241899 0.960698 0.747335 0.000000 0.000000 0.000000 1.000000
0.991019 -0.076221 -0.109870 1.069043 0.047839 0.969353 -0.240968 105.873055 0.124870 0.233547 0.964294 1.022484 0.000000 0.000000 0.000000 1.000000
0.992532 -0.066569 -0.102219 1.273677 0.044022 0.976969 -0.208791 105.264351 0.113763 0.202731 0.972604 1.150143 0.000000 0.000000 0.000000 1.000000
0.994819 -0.050162 -0.088420 1.472913 0.033087 0.982190 -0.184952 103.056595 0.096123 0.181069 0.978762 0.747226 0.000000 0.000000 0.000000 1.000000
0.996226 -0.029515 -0.081625 1.547831 0.017553 0.989487 -0.143550 99.992790 0.085004 0.141576 0.986271 0.198909 0.000000 0.000000 0.000000 1.000000
0.994478 -0.005567 -0.104802 2.338713 -0.006281 0.993646 -0.112379 97.613274 0.104762 0.112417 0.988123 -0.906826 0.000000 0.000000 0.000000 1.000000
0.986943 -0.026841 -0.158818 2.640007 0.008902 0.993600 -0.112608 98.104996 0.160824 0.109724 0.980865 -1.113313 0.000000 0.000000 0.000000 1.000000
0.971283 -0.060694 -0.230055 1.890320 0.036485 0.993475 -0.108060 101.116852 0.235113 0.096564 0.967160 -0.599149 0.000000 0.000000 0.000000 1.000000
0.956455 -0.111766 -0.269632 1.031244 0.082589 0.989661 -0.117260 104.483467 0.279950 0.089885 0.955797 0.327932 0.000000 0.000000 0.000000 1.000000
0.952638 -0.120133 -0.279372 0.255890 0.085490 0.987411 -0.133084 105.840698 0.291843 0.102897 0.950915 1.398769 0.000000 0.000000 0.000000 1.000000
0.961000 -0.080400 -0.264604 -0.951995 0.048774 0.991083 -0.124002 105.609970 0.272214 0.106261 0.956352 2.805554 0.000000 0.000000 0.000000 1.000000
0.966609 -0.072904 -0.245665 -1.629503 0.048906 0.993539 -0.102415 104.321205 0.251545 0.086981 0.963929 3.730074 0.000000 0.000000 0.000000 1.000000
0.966864 -0.077263 -0.243318 -1.706224 0.056545 0.994242 -0.091021 102.162605 0.248949 0.074247 0.965666 3.838419 0.000000 0.000000 0.000000 1.000000
0.961238 -0.102390 -0.256004 -1.382356 0.078949 0.991825 -0.100249 98.153526 0.264175 0.076152 0.961464 3.358872 0.000000 0.000000 0.000000 1.000000
0.949779 -0.181964 -0.254575 -1.194715 0.152550 0.979571 -0.131034 94.808731 0.273218 0.085618 0.958134 2.180234 0.000000 0.000000 0.000000 1.000000
0.955329 -0.198327 -0.219116 -0.740246 0.157345 0.968904 -0.190967 94.481537 0.250176 0.147960 0.956828 1.784277 0.000000 0.000000 0.000000 1.000000</float_array>
        <technique_common>
          <accessor source="#Hips-Matrix-animation-output-transform-array" count="19" stride="16">
            <param type="float4x4"/>
          </accessor>
        </technique_common>
      </source>
      <source id="Hips-Interpolations">
        <Name_array id="Hips-Interpolations-array" count="19">
 LINEAR LINEAR LINEAR LINEAR LINEAR LINEAR LINEAR LINEAR LINEAR LINEAR LINEAR
LINEAR LINEAR LINEAR LINEAR LINEAR LINEAR LINEAR LINEAR</Name_array>
        <technique_common>
          <accessor source="#Hips-Interpolations-array" count="19">
            <param type="name"/>
          </accessor>
        </technique_common>
      </source>
      <sampler id="Hips-Matrix-animation-transform">
        <input semantic="INPUT" source="#Hips-Matrix-animation-input"/>
        <input semantic="OUTPUT" source="#Hips-Matrix-animation-output-transform"/>
        <input semantic="INTERPOLATION" source="#Hips-Interpolations"/>
      </sampler>
      <channel source="#Hips-Matrix-animation-transform" target="Hips/matrix"/>
      <source id="Spine-Matrix-animation-input">
        <float_array id="Spine-Matrix-animation-input-array" count="19">

0.000000 0.033333 0.066667 0.100000 0.133333 0.166667 0.200000 0.233333 0.266667 0.300000 0.333333 0.366667 0.400000 0.433333 0.466667 0.500000
0.533333 0.566667 0.600000</float_array>
        <technique_common>
          <accessor source="#Spine-Matrix-animation-input-array" count="19">
            <param name="TIME" type="float"/>
          </accessor>
        </technique_common>
      </source>
      <source id="Spine-Matrix-animation-output-transform">
        <float_array id="Spine-Matrix-animation-output-transform-array" count="304">

0.990752 0.128446 0.043733 -0.000000 -0.121243 0.982747 -0.139670 5.245300 -0.060919 0.133076 0.989232 0.258800 0.000000 0.000000 0.000000 1.000000
0.997095 0.075272 0.011610 0.000000 -0.073375 0.990243 -0.118473 5.245300 -0.020415 0.117277 0.992889 0.258800 0.000000 0.000000 0.000000 1.000000
0.999248 0.008676 -0.037790 0.000000 -0.012750 0.993968 -0.108925 5.245300 0.036617 0.109325 0.993331 0.258800 0.000000 0.000000 0.000000 1.000000
0.996383 -0.033445 -0.078120 0.000000 0.026190 0.995404 -0.092111 5.245300 0.080842 0.089732 0.992680 0.258800 0.000000 0.000000 0.000000 1.000000
0.995078 -0.051354 -0.084745 0.000000 0.044449 0.995686 -0.081449 5.245300 0.088562 0.077282 0.993068 0.258800 0.000000 0.000000 0.000000 1.000000
0.994745 -0.057377 -0.084799 -0.000000 0.050164 0.995128 -0.084873 5.245300 0.089256 0.080173 0.992777 0.258800 0.000000 0.000000 0.000000 1.000000
0.994057 -0.072511 -0.081197 0.000000 0.064278 0.992931 -0.099778 5.245300 0.087858 0.093965 0.991691 0.258800 0.000000 0.000000 0.000000 1.000000
0.994923 -0.086934 -0.050704 -0.000000 0.079447 0.987716 -0.134558 5.245300 0.061779 0.129846 0.989608 0.258800 0.000000 0.000000 0.000000 1.000000
0.994027 -0.107539 0.018568 0.000000 0.109130 0.979265 -0.170676 5.245300 0.000172 0.171683 0.985152 0.258800 0.000000 0.000000 0.000000 1.000000
0.993776 -0.082117 0.075276 0.000000 0.093846 0.981217 -0.168541 5.245300 -0.060022 0.174556 0.982816 0.258800 0.000000 0.000000 0.000000 1.000000
0.990745 -0.026521 0.133120 0.000000 0.048564 0.985066 -0.165186 5.245300 -0.126751 0.170122 0.977237 0.258800 0.000000 0.000000 0.000000 1.000000
0.984437 0.041129 0.170857 -0.000000 -0.013921 0.987424 -0.157482 5.245300 -0.175185 0.152652 0.972629 0.258800 0.000000 0.000000 0.000000 1.000000
0.980679 0.065209 0.184437 0.000000 -0.041677 0.990806 -0.128709 5.245300 -0.191134 0.118535 0.974380 0.258800 0.000000 0.000000 0.000000 1.000000
0.983331 0.051166 0.174477 0.000000 -0.033052 0.993903 -0.105188 5.245300 -0.178795 0.097668 0.979027 0.258800 0.000000 0.000000 0.000000 1.000000
0.984554 0.058371 0.165065 0.000000 -0.039604 0.992601 -0.114784 5.245300 -0.170544 0.106473 0.979581 0.258800 0.000000 0.000000 0.000000 1.000000
0.986376 0.060322 0.153047 0.000000 -0.039201 0.989733 -0.137448 5.245300 -0.159767 0.129576 0.978614 0.258800 0.000000 0.000000 0.000000 1.000000
0.989136 0.067424 0.130627 0.000000 -0.046992 0.987012 -0.153620 5.245300 -0.139288 0.145812 0.979458 0.258800 0.000000 0.000000 0.000000 1.000000
0.987709 0.126078 0.092383 -0.000000 -0.108625 0.978685 -0.174288 5.245300 -0.112388 0.162111 0.980351 0.258800 0.000000 0.000000 0.000000 1.000000
0.990752 0.128446 0.043734 -0.000000 -0.121243 0.982747 -0.139670 5.245300 -0.060919 0.133076 0.989232 0.258800 0.000000 0.000000 0.000000 1.000000</float_array>
        <technique_common>
          <accessor source="#Spine-Matrix-animation-output-transform-array" count="19" stride="16">
            <param type="float4x4"/>
          </accessor>
        </technique_common>
      </source>
      <source id="Spine-Interpolations">
        <Name_array id="Spine-Interpolations-array" count="19">
 LINEAR LINEAR LINEAR LINEAR LINEAR LINEAR LINEAR LINEAR LINEAR LINEAR LINEAR
LINEAR LINEAR LINEAR LINEAR LINEAR LINEAR LINEAR LINEAR</Name_array>
        <technique_common>
          <accessor source="#Spine-Interpolations-array" count="19">
            <param type="name"/>
          </accessor>
        </technique_common>
      </source>
      <sampler id="Spine-Matrix-animation-transform">
        <input semantic="INPUT" source="#Spine-Matrix-animation-input"/>
        <input semantic="OUTPUT" source="#Spine-Matrix-animation-output-transform"/>
        <input semantic="INTERPOLATION" source="#Spine-Interpolations"/>
      </sampler>
      <channel source="#Spine-Matrix-animation-transform" target="Spine/matrix"/>
      <source id="Spine1-Matrix-animation-input">
        <float_array id="Spine1-Matrix-animation-input-array" count="19">

0.000000 0.033333 0.066667 0.100000 0.133333 0.166667 0.200000 0.233333 0.266667 0.300000 0.333333 0.366667 0.400000 0.433333 0.466667 0.500000
0.533333 0.566667 0.600000</float_array>
        <technique_common>
          <accessor source="#Spine1-Matrix-animation-input-array" count="19">
            <param name="TIME" type="float"/>
          </accessor>
        </technique_common>
      </source>
      <source id="Spine1-Matrix-animation-output-transform">
        <float_array id="Spine1-Matrix-animation-output-transform-array" count="304">

0.999328 0.025178 0.026631 -0.031400 -0.024452 0.999330 -0.027243 11.044900 -0.027299 0.026573 0.999274 -0.697600 0.000000 0.000000 0.000000 1.000000
0.999853 0.013308 0.010855 -0.031400 -0.013164 0.999826 -0.013217 11.044900 -0.011029 0.013072 0.999854 -0.697600 0.000000 0.000000 0.000000 1.000000
0.999896 -0.000295 -0.014403 -0.031400 0.000273 0.999999 -0.001535 11.044900 0.014403 0.001531 0.999895 -0.697600 0.000000 0.000000 0.000000 1.000000
0.999352 -0.006228 -0.035456 -0.031400 0.006333 0.999976 0.002865 11.044900 0.035437 -0.003088 0.999367 -0.697600 0.000000 0.000000 0.000000 1.000000
0.999132 -0.011376 -0.040076 -0.031400 0.011137 0.999919 -0.006166 11.044900 0.040143 0.005714 0.999178 -0.697600 0.000000 0.000000 0.000000 1.000000
0.999101 -0.014985 -0.039647 -0.031400 0.014394 0.999781 -0.015167 11.044900 0.039866 0.014583 0.999099 -0.697600 0.000000 0.000000 0.000000 1.000000
0.999155 -0.015175 -0.038207 -0.031400 0.014664 0.999800 -0.013628 11.044900 0.038406 0.013056 0.999177 -0.697600 0.000000 0.000000 0.000000 1.000000
0.999525 -0.017339 -0.025460 -0.031400 0.016864 0.999682 -0.018738 11.044900 0.025777 0.018300 0.999500 -0.697600 0.000000 0.000000 0.000000 1.000000
0.999739 -0.022698 0.002673 -0.031400 0.022766 0.999330 -0.028671 11.044900 -0.002020 0.028725 0.999585 -0.697600 0.000000 0.000000 0.000000 1.000000
0.999454 -0.017172 0.028211 -0.031400 0.017989 0.999419 -0.028935 11.044900 -0.027698 0.029427 0.999183 -0.697600 0.000000 0.000000 0.000000 1.000000
0.998373 -0.005110 0.056790 -0.031400 0.006528 0.999671 -0.024807 11.044900 -0.056645 0.025137 0.998078 -0.697600 0.000000 0.000000 0.000000 1.000000
0.996879 0.011205 0.078142 -0.031400 -0.009317 0.999657 -0.024480 11.044900 -0.078390 0.023676 0.996642 -0.697600 0.000000 0.000000 0.000000 1.000000
0.996189 0.009446 0.086707 -0.031400 -0.007104 0.999603 -0.027281 11.044900 -0.086930 0.026561 0.995860 -0.697600 0.000000 0.000000 0.000000 1.000000
0.996580 -0.006156 0.082405 -0.031400 0.009017 0.999368 -0.034397 11.044900 -0.082141 0.035023 0.996005 -0.697600 0.000000 0.000000 0.000000 1.000000
0.996852 -0.011117 0.078500 -0.031400 0.014503 0.998983 -0.042699 11.044900 -0.077946 0.043703 0.995999 -0.697600 0.000000 0.000000 0.000000 1.000000
0.997497 -0.004303 0.070581 -0.031400 0.007358 0.999045 -0.043074 11.044900 -0.070328 0.043486 0.996576 -0.697600 0.000000 0.000000 0.000000 1.000000
0.998215 0.009995 0.058877 -0.031400 -0.007736 0.999229 -0.038479 11.044900 -0.059216 0.037955 0.997523 -0.697600 0.000000 0.000000 0.000000 1.000000
0.998582 0.024998 0.046999 -0.031400 -0.023219 0.999007 -0.038025 11.044900 -0.047903 0.036880 0.998171 -0.697600 0.000000 0.000000 0.000000 1.000000
0.999328 0.025178 0.026631 -0.031400 -0.024452 0.999330 -0.027243 11.044900 -0.027299 0.026573 0.999274 -0.697600 0.000000 0.000000 0.000000 1.000000</float_array>
        <technique_common>
          <accessor source="#Spine1-Matrix-animation-output-transform-array" count="19" stride="16">
            <param type="float4x4"/>
          </accessor>
        </technique_common>
      </source>
      <source id="Spine1-Interpolations">
        <Name_array id="Spine1-Interpolations-array" count="19">
 LINEAR LINEAR LINEAR LINEAR LINEAR LINEAR LINEAR LINEAR LINEAR LINEAR LINEAR
LINEAR LINEAR LINEAR LINEAR LINEAR LINEAR LINEAR LINEAR</Name_array>
        <technique_common>
          <accessor source="#Spine1-Interpolations-array" count="19">
            <param type="name"/>
          </accessor>
        </technique_common>
      </source>
      <sampler id="Spine1-Matrix-animation-transform">
        <input semantic="INPUT" source="#Spine1-Matrix-animation-input"/>
        <input semantic="OUTPUT" source="#Spine1-Matrix-animation-output-transform"/>
        <input semantic="INTERPOLATION" source="#Spine1-Interpolations"/>
      </sampler>
      <channel source="#Spine1-Matrix-animation-transform" target="Spine1/matrix"/>
      <source id="Spine2-Matrix-animation-input">
        <float_array id="Spine2-Matrix-animation-input-array" count="19">

0.000000 0.033333 0.066667 0.100000 0.133333 0.166667 0.200000 0.233333 0.266667 0.300000 0.333333 0.366667 0.400000 0.433333 0.466667 0.500000
0.533333 0.566667 0.600000</float_array>
        <technique_common>
          <accessor source="#Spine2-Matrix-animation-input-array" count="19">
            <param name="TIME" type="float"/>
          </accessor>
        </technique_common>
      </source>
      <source id="Spine2-Matrix-animation-output-transform">
        <float_array id="Spine2-Matrix-animation-output-transform-array" count="304">

0.999320 0.025468 0.026680 -0.035900 -0.024747 0.999329 -0.027011 8.068900 -0.027350 0.026332 0.999279 -1.087700 0.000000 0.000000 0.000000 1.000000
0.999851 0.013435 0.010804 -0.035900 -0.013293 0.999825 -0.013188 8.068900 -0.010980 0.013042 0.999855 -1.087700 0.000000 0.000000 0.000000 1.000000
0.999896 -0.000485 -0.014396 -0.035900 0.000464 0.999999 -0.001484 8.068900 0.014397 0.001477 0.999895 -1.087700 0.000000 0.000000 0.000000 1.000000
0.999352 -0.006688 -0.035380 -0.035900 0.006800 0.999972 0.003055 8.068900 0.035359 -0.003293 0.999369 -1.087700 0.000000 0.000000 0.000000 1.000000
0.999130 -0.011674 -0.040033 -0.035900 0.011441 0.999916 -0.006043 8.068900 0.040100 0.005580 0.999180 -1.087700 0.000000 0.000000 0.000000 1.000000
0.999099 -0.015146 -0.039635 -0.035900 0.014557 0.999780 -0.015118 8.068900 0.039855 0.014527 0.999100 -1.087700 0.000000 0.000000 0.000000 1.000000
0.999152 -0.015478 -0.038165 -0.035900 0.014971 0.999797 -0.013519 8.068900 0.038367 0.012936 0.999180 -1.087700 0.000000 0.000000 0.000000 1.000000
0.999521 -0.017656 -0.025399 -0.035900 0.017185 0.999679 -0.018628 8.068900 0.025719 0.018182 0.999504 -1.087700 0.000000 0.000000 0.000000 1.000000
0.999739 -0.022703 0.002728 -0.035900 0.022772 0.999330 -0.028665 8.068900 -0.002075 0.028720 0.999585 -1.087700 0.000000 0.000000 0.000000 1.000000
0.999461 -0.016806 0.028215 -0.035900 0.017625 0.999423 -0.029051 8.068900 -0.027711 0.029533 0.999180 -1.087700 0.000000 0.000000 0.000000 1.000000
0.998381 -0.004339 0.056713 -0.035900 0.005762 0.999672 -0.024959 8.068900 -0.056586 0.025246 0.998078 -1.087700 0.000000 0.000000 0.000000 1.000000
0.996878 0.012171 0.078010 -0.035900 -0.010290 0.999647 -0.024476 8.068900 -0.078280 0.023597 0.996652 -1.087700 0.000000 0.000000 0.000000 1.000000
0.996186 0.010001 0.086683 -0.035900 -0.007686 0.999606 -0.027000 8.068900 -0.086919 0.026230 0.995870 -1.087700 0.000000 0.000000 0.000000 1.000000
0.996576 -0.006290 0.082448 -0.035900 0.009096 0.999390 -0.033706 8.068900 -0.082186 0.034340 0.996025 -1.087700 0.000000 0.000000 0.000000 1.000000
0.996850 -0.011357 0.078499 -0.035900 0.014676 0.999017 -0.041835 8.068900 -0.077946 0.042855 0.996036 -1.087700 0.000000 0.000000 0.000000 1.000000
0.997497 -0.004094 0.070587 -0.035900 0.007125 0.999061 -0.042739 8.068900 -0.070345 0.043135 0.996590 -1.087700 0.000000 0.000000 0.000000 1.000000
0.998215 0.010477 0.058804 -0.035900 -0.008216 0.999222 -0.038561 8.068900 -0.059162 0.038009 0.997525 -1.087700 0.000000 0.000000 0.000000 1.000000
0.998572 0.025609 0.046883 -0.035900 -0.023842 0.998998 -0.037869 8.068900 -0.047805 0.036697 0.998182 -1.087700 0.000000 0.000000 0.000000 1.000000
0.999320 0.025468 0.026680 -0.035900 -0.024747 0.999329 -0.027011 8.068900 -0.027350 0.026332 0.999279 -1.087700 0.000000 0.000000 0.000000 1.000000</float_array>
        <technique_common>
          <accessor source="#Spine2-Matrix-animation-output-transform-array" count="19" stride="16">
            <param type="float4x4"/>
          </accessor>
        </technique_common>
      </source>
      <source id="Spine2-Interpolations">
        <Name_array id="Spine2-Interpolations-array" count="19">
 LINEAR LINEAR LINEAR LINEAR LINEAR LINEAR LINEAR LINEAR LINEAR LINEAR LINEAR
LINEAR LINEAR LINEAR LINEAR LINEAR LINEAR LINEAR LINEAR</Name_array>
        <technique_common>
          <accessor source="#Spine2-Interpolations-array" count="19">
            <param type="name"/>
          </accessor>
        </technique_common>
      </source>
      <sampler id="Spine2-Matrix-animation-transform">
        <input semantic="INPUT" source="#Spine2-Matrix-animation-input"/>
        <input semantic="OUTPUT" source="#Spine2-Matrix-animation-output-transform"/>
        <input semantic="INTERPOLATION" source="#Spine2-Interpolations"/>
      </sampler>
      <channel source="#Spine2-Matrix-animation-transform" target="Spine2/matrix"/>
      <source id="Neck-Matrix-animation-input">
        <float_array id="Neck-Matrix-animation-input-array" count="19">

0.000000 0.033333 0.066667 0.100000 0.133333 0.166667 0.200000 0.233333 0.266667 0.300000 0.333333 0.366667 0.400000 0.433333 0.466667 0.500000
0.533333 0.566667 0.600000</float_array>
        <technique_common>
          <accessor source="#Neck-Matrix-animation-input-array" count="19">
            <param name="TIME" type="float"/>
          </accessor>
        </technique_common>
      </source>
      <source id="Neck-Matrix-animation-output-transform">
        <float_array id="Neck-Matrix-animation-output-transform-array" count="304">

0.967283 -0.073676 -0.242766 -0.040300 0.080854 0.996531 0.019723 18.919500 0.240471 -0.038707 0.969884 -3.736100 0.000000 0.000000 0.000000 1.000000
0.968322 -0.072956 -0.238811 -0.040300 0.078941 0.996757 0.015583 18.919500 0.236900 -0.033941 0.970941 -3.736100 0.000000 0.000000 0.000000 1.000000
0.969368 -0.074102 -0.234167 -0.040300 0.079632 0.996723 0.014237 18.919500 0.232344 -0.032448 0.972092 -3.736100 0.000000 0.000000 0.000000 1.000000
0.969941 -0.077100 -0.230802 -0.040300 0.083744 0.996304 0.019116 18.919500 0.228475 -0.037870 0.972813 -3.736100 0.000000 0.000000 0.000000 1.000000
0.969893 -0.080495 -0.229842 -0.040300 0.087622 0.995933 0.020952 18.919500 0.227221 -0.040461 0.973002 -3.736100 0.000000 0.000000 0.000000 1.000000
0.969533 -0.084048 -0.230088 -0.040300 0.090164 0.995796 0.016176 18.919500 0.227762 -0.036429 0.973035 -3.736100 0.000000 0.000000 0.000000 1.000000
0.968967 -0.088021 -0.230989 -0.040300 0.093321 0.995563 0.012096 18.919500 0.228899 -0.033277 0.972881 -3.736100 0.000000 0.000000 0.000000 1.000000
0.968448 -0.087537 -0.233336 -0.040300 0.093167 0.995563 0.013195 18.919500 0.231146 -0.034518 0.972307 -3.736100 0.000000 0.000000 0.000000 1.000000
0.968002 -0.084164 -0.236406 -0.040300 0.090304 0.995798 0.015245 18.919500 0.234129 -0.036106 0.971535 -3.736100 0.000000 0.000000 0.000000 1.000000
0.967294 -0.086915 -0.238304 -0.040300 0.092364 0.995656 0.011775 18.919500 0.236245 -0.033401 0.971119 -3.736100 0.000000 0.000000 0.000000 1.000000
0.966546 -0.090054 -0.240166 -0.040300 0.094822 0.995459 0.008348 18.919500 0.238324 -0.030841 0.970696 -3.736100 0.000000 0.000000 0.000000 1.000000
0.966009 -0.090283 -0.242229 -0.040300 0.095791 0.995340 0.011033 18.919500 0.240104 -0.033862 0.970156 -3.736100 0.000000 0.000000 0.000000 1.000000
0.965937 -0.088264 -0.243261 -0.040300 0.094703 0.995394 0.014879 18.919500 0.240827 -0.037410 0.969847 -3.736100 0.000000 0.000000 0.000000 1.000000
0.965602 -0.089430 -0.244160 -0.040300 0.094945 0.995423 0.010888 18.919500 0.242069 -0.033696 0.969674 -3.736100 0.000000 0.000000 0.000000 1.000000
0.965523 -0.087434 -0.245194 -0.040300 0.091844 0.995752 0.006584 18.919500 0.243576 -0.028877 0.969452 -3.736100 0.000000 0.000000 0.000000 1.000000
0.965668 -0.085327 -0.245368 -0.040300 0.089290 0.995993 0.005049 18.919500 0.243954 -0.026785 0.969417 -3.736100 0.000000 0.000000 0.000000 1.000000
0.966229 -0.082430 -0.244147 -0.040300 0.086022 0.996285 0.004069 18.919500 0.242904 -0.024934 0.969730 -3.736100 0.000000 0.000000 0.000000 1.000000
0.967048 -0.076182 -0.242929 -0.040300 0.081552 0.996595 0.012111 18.919500 0.241179 -0.031524 0.969969 -3.736100 0.000000 0.000000 0.000000 1.000000
0.967296 -0.073688 -0.242712 -0.040300 0.080865 0.996530 0.019728 18.919500 0.240416 -0.038710 0.969898 -3.736100 0.000000 0.000000 0.000000 1.000000</float_array>
        <technique_common>
          <accessor source="#Neck-Matrix-animation-output-transform-array" count="19" stride="16">
            <param type="float4x4"/>
          </accessor>
        </technique_common>
      </source>
      <source id="Neck-Interpolations">
        <Name_array id="Neck-Interpolations-array" count="19">
 LINEAR LINEAR LINEAR LINEAR LINEAR LINEAR LINEAR LINEAR LINEAR LINEAR LINEAR
LINEAR LINEAR LINEAR LINEAR LINEAR LINEAR LINEAR LINEAR</Name_array>
        <technique_common>
          <accessor source="#Neck-Interpolations-array" count="19">
            <param type="name"/>
          </accessor>
        </technique_common>
      </source>
      <sampler id="Neck-Matrix-animation-transform">
        <input semantic="INPUT" source="#Neck-Matrix-animation-input"/>
        <input semantic="OUTPUT" source="#Neck-Matrix-animation-output-transform"/>
        <input semantic="INTERPOLATION" source="#Neck-Interpolations"/>
      </sampler>
      <channel source="#Neck-Matrix-animation-transform" target="Neck/matrix"/>
      <source id="Head-Matrix-animation-input">
        <float_array id="Head-Matrix-animation-input-array" count="19">

0.000000 0.033333 0.066667 0.100000 0.133333 0.166667 0.200000 0.233333 0.266667 0.300000 0.333333 0.366667 0.400000 0.433333 0.466667 0.500000
0.533333 0.566667 0.600000</float_array>
        <technique_common>
          <accessor source="#Head-Matrix-animation-input-array" count="19">
            <param name="TIME" type="float"/>
          </accessor>
        </technique_common>
      </source>
      <source id="Head-Matrix-animation-output-transform">
        <float_array id="Head-Matrix-animation-output-transform-array" count="304">

0.922829 -0.028312 0.384169 0.000000 -0.100984 0.944635 0.312196 8.673000 -0.371739 -0.326898 0.868877 3.319300 0.000000 0.000000 0.000000 1.000000
0.908964 -0.020332 0.416379 -0.000000 -0.104530 0.955785 0.274861 8.673000 -0.403557 -0.293363 0.866649 3.319300 0.000000 0.000000 0.000000 1.000000
0.884338 0.005306 0.466816 -0.000000 -0.127861 0.964454 0.231257 8.673000 -0.448996 -0.264197 0.853582 3.319300 0.000000 0.000000 0.000000 1.000000
0.865601 0.016967 0.500447 0.000000 -0.152206 0.961051 0.230682 8.673000 -0.477042 -0.275849 0.834469 3.319300 0.000000 0.000000 0.000000 1.000000
0.861890 0.031569 0.506112 0.000000 -0.168804 0.959000 0.227649 8.673000 -0.478175 -0.281642 0.831881 3.319300 0.000000 0.000000 0.000000 1.000000
0.866180 0.043176 0.497864 0.000000 -0.175640 0.959002 0.222411 8.673000 -0.467849 -0.280092 0.838251 3.319300 0.000000 0.000000 0.000000 1.000000
0.875441 0.050191 0.480713 -0.000000 -0.175787 0.959543 0.219946 8.673000 -0.450225 -0.277052 0.848846 3.319300 0.000000 0.000000 0.000000 1.000000
0.897557 0.070079 0.435294 0.000000 -0.189748 0.952576 0.237895 8.673000 -0.397979 -0.296120 0.868289 3.319300 0.000000 0.000000 0.000000 1.000000
0.925564 0.084327 0.369081 -0.000000 -0.198825 0.937887 0.284318 8.673000 -0.322180 -0.336537 0.884841 3.319300 0.000000 0.000000 0.000000 1.000000
0.938858 0.094670 0.331034 0.000000 -0.190194 0.944050 0.269436 8.673000 -0.287006 -0.315923 0.904334 3.319300 0.000000 0.000000 0.000000 1.000000
0.954748 0.086875 0.284444 0.000000 -0.162230 0.953701 0.253250 8.673000 -0.249274 -0.287936 0.924638 3.319300 0.000000 0.000000 0.000000 1.000000
0.974740 0.065752 0.213446 -0.000000 -0.120633 0.959284 0.255387 8.673000 -0.187963 -0.274685 0.942984 3.319300 0.000000 0.000000 0.000000 1.000000
0.980100 0.050865 0.191878 0.000000 -0.094439 0.969695 0.225328 8.673000 -0.174602 -0.238965 0.955202 3.319300 0.000000 0.000000 0.000000 1.000000
0.977673 0.039088 0.206465 0.000000 -0.084571 0.972652 0.216324 8.673000 -0.192362 -0.228955 0.954241 3.319300 0.000000 0.000000 0.000000 1.000000
0.975124 0.024115 0.220346 0.000000 -0.076480 0.969623 0.232340 8.673000 -0.208050 -0.243412 0.947347 3.319300 0.000000 0.000000 0.000000 1.000000
0.967311 0.007431 0.253484 -0.000000 -0.071170 0.967354 0.243232 8.673000 -0.243401 -0.253321 0.936261 3.319300 0.000000 0.000000 0.000000 1.000000
0.951621 -0.002841 0.307260 0.000000 -0.085271 0.958241 0.272953 8.673000 -0.295205 -0.285948 0.911640 3.319300 0.000000 0.000000 0.000000 1.000000
0.935945 -0.008532 0.352043 -0.000000 -0.108312 0.944269 0.310846 8.673000 -0.335076 -0.329065 0.882859 3.319300 0.000000 0.000000 0.000000 1.000000
0.922803 -0.028349 0.384229 -0.000000 -0.101021 0.944591 0.312317 8.673000 -0.371793 -0.327022 0.868807 3.319300 0.000000 0.000000 0.000000 1.000000</float_array>
        <technique_common>
          <accessor source="#Head-Matrix-animation-output-transform-array" count="19" stride="16">
            <param type="float4x4"/>
          </accessor>
        </technique_common>
      </source>
      <source id="Head-Interpolations">
        <Name_array id="Head-Interpolations-array" count="19">
 LINEAR LINEAR LINEAR LINEAR LINEAR LINEAR LINEAR LINEAR LINEAR LINEAR LINEAR
LINEAR LINEAR LINEAR LINEAR LINEAR LINEAR LINEAR LINEAR</Name_array>
        <technique_common>
          <accessor source="#Head-Interpolations-array" count="19">
            <param type="name"/>
          </accessor>
        </technique_common>
      </source>
      <sampler id="Head-Matrix-animation-transform">
        <input semantic="INPUT" source="#Head-Matrix-animation-input"/>
        <input semantic="OUTPUT" source="#Head-Matrix-animation-output-transform"/>
        <input semantic="INTERPOLATION" source="#Head-Interpolations"/>
      </sampler>
      <channel source="#Head-Matrix-animation-transform" target="Head/matrix"/>
      <source id="RightShoulder-Matrix-animation-input">
        <float_array id="RightShoulder-Matrix-animation-input-array" count="19">

0.000000 0.033333 0.066667 0.100000 0.133333 0.166667 0.200000 0.233333 0.266667 0.300000 0.333333 0.366667 0.400000 0.433333 0.466667 0.500000
0.533333 0.566667 0.600000</float_array>
        <technique_common>
          <accessor source="#RightShoulder-Matrix-animation-input-array" count="19">
            <param name="TIME" type="float"/>
          </accessor>
        </technique_common>
      </source>
      <source id="RightShoulder-Matrix-animation-output-transform">
        <float_array id="RightShoulder-Matrix-animation-output-transform-array" count="304">

0.984504 -0.173180 -0.027597 -6.576700 0.171574 0.983763 -0.052649 15.024500 0.036266 0.047098 0.998232 -2.119600 0.000000 0.000000 0.000000 1.000000
0.984060 -0.163648 -0.069613 -6.576700 0.160249 0.985710 -0.051928 15.024500 0.077116 0.039944 0.996222 -2.119600 0.000000 0.000000 0.000000 1.000000
0.983308 -0.145845 -0.108787 -6.576700 0.141243 0.988766 -0.048913 15.024500 0.114698 0.032731 0.992861 -2.119600 0.000000 0.000000 0.000000 1.000000
0.983936 -0.133452 -0.118574 -6.576700 0.129083 0.990665 -0.043831 15.024500 0.123316 0.027821 0.991977 -2.119600 0.000000 0.000000 0.000000 1.000000
0.986900 -0.112318 -0.115810 -6.576700 0.108627 0.993366 -0.037729 15.024500 0.119280 0.024655 0.992555 -2.119600 0.000000 0.000000 0.000000 1.000000
0.989105 -0.093253 -0.113909 -6.576700 0.089138 0.995187 -0.040708 15.024500 0.117157 0.030111 0.992657 -2.119600 0.000000 0.000000 0.000000 1.000000
0.990108 -0.081771 -0.114014 -6.576700 0.076038 0.995654 -0.053770 15.024500 0.117916 0.044569 0.992023 -2.119600 0.000000 0.000000 0.000000 1.000000
0.990487 -0.082357 -0.110240 -6.576700 0.074771 0.994650 -0.071273 15.024500 0.115520 0.062352 0.991346 -2.119600 0.000000 0.000000 0.000000 1.000000
0.990701 -0.093810 -0.098550 -6.576700 0.085638 0.992769 -0.084115 15.024500 0.105728 0.074893 0.991571 -2.119600 0.000000 0.000000 0.000000 1.000000
0.992789 -0.098194 -0.068766 -6.576700 0.092180 0.992042 -0.085765 15.024500 0.076641 0.078808 0.993939 -2.119600 0.000000 0.000000 0.000000 1.000000
0.995036 -0.088485 -0.045533 -6.576700 0.084536 0.993010 -0.082372 15.024500 0.052503 0.078114 0.995561 -2.119600 0.000000 0.000000 0.000000 1.000000
0.996263 -0.076154 -0.040748 -6.576700 0.072820 0.994301 -0.077861 15.024500 0.046446 0.074603 0.996131 -2.119600 0.000000 0.000000 0.000000 1.000000
0.996266 -0.079677 -0.033264 -6.576700 0.077082 0.994341 -0.073107 15.024500 0.038901 0.070270 0.996769 -2.119600 0.000000 0.000000 0.000000 1.000000
0.993891 -0.109096 -0.016688 -6.576700 0.107715 0.991808 -0.068655 15.024500 0.024041 0.066438 0.997501 -2.119600 0.000000 0.000000 0.000000 1.000000
0.991272 -0.131677 -0.006387 -6.576700 0.131020 0.989381 -0.062919 15.024500 0.014604 0.061533 0.997998 -2.119600 0.000000 0.000000 0.000000 1.000000
0.988508 -0.151168 -0.000796 -6.576700 0.150863 0.986822 -0.058498 15.024500 0.009629 0.057706 0.998287 -2.119600 0.000000 0.000000 0.000000 1.000000
0.985493 -0.169705 0.001736 -6.576700 0.169540 0.983967 -0.055366 15.024500 0.007687 0.054857 0.998465 -2.119600 0.000000 0.000000 0.000000 1.000000
0.984230 -0.176689 -0.008491 -6.576700 0.175995 0.982935 -0.053522 15.024500 0.017803 0.051184 0.998531 -2.119600 0.000000 0.000000 0.000000 1.000000
0.984504 -0.173180 -0.027597 -6.576700 0.171574 0.983763 -0.052649 15.024500 0.036266 0.047098 0.998232 -2.119600 0.000000 0.000000 0.000000 1.000000</float_array>
        <technique_common>
          <accessor source="#RightShoulder-Matrix-animation-output-transform-array" count="19" stride="16">
            <param type="float4x4"/>
          </accessor>
        </technique_common>
      </source>
      <source id="RightShoulder-Interpolations">
        <Name_array id="RightShoulder-Interpolations-array" count="19">
 LINEAR LINEAR LINEAR LINEAR LINEAR LINEAR LINEAR LINEAR LINEAR LINEAR LINEAR
LINEAR LINEAR LINEAR LINEAR LINEAR LINEAR LINEAR LINEAR</Name_array>
        <technique_common>
          <accessor source="#RightShoulder-Interpolations-array" count="19">
            <param type="name"/>
          </accessor>
        </technique_common>
      </source>
      <sampler id="RightShoulder-Matrix-animation-transform">
        <input semantic="INPUT" source="#RightShoulder-Matrix-animation-input"/>
        <input semantic="OUTPUT" source="#RightShoulder-Matrix-animation-output-transform"/>
        <input semantic="INTERPOLATION" source="#RightShoulder-Interpolations"/>
      </sampler>
      <channel source="#RightShoulder-Matrix-animation-transform" target="RightShoulder/matrix"/>
      <source id="RightArm-Matrix-animation-input">
        <float_array id="RightArm-Matrix-animation-input-array" count="19">

0.000000 0.033333 0.066667 0.100000 0.133333 0.166667 0.200000 0.233333 0.266667 0.300000 0.333333 0.366667 0.400000 0.433333 0.466667 0.500000
0.533333 0.566667 0.600000</float_array>
        <technique_common>
          <accessor source="#RightArm-Matrix-animation-input-array" count="19">
            <param name="TIME" type="float"/>
          </accessor>
        </technique_common>
      </source>
      <source id="RightArm-Matrix-animation-output-transform">
        <float_array id="RightArm-Matrix-animation-output-transform-array" count="304">

0.533713 -0.507034 0.676806 -8.685000 0.820867 0.503006 -0.270485 -1.766200 -0.203292 0.699930 0.684668 -2.569600 0.000000 0.000000 0.000000 1.000000
0.575027 -0.631393 0.520276 -8.685000 0.817391 0.416265 -0.398240 -1.766200 0.034873 0.654268 0.755459 -2.569600 0.000000 0.000000 0.000000 1.000000
0.593535 -0.700037 0.397070 -8.685000 0.776579 0.368636 -0.510914 -1.766200 0.211284 0.611601 0.762432 -2.569600 0.000000 0.000000 0.000000 1.000000
0.599826 -0.757410 0.257951 -8.685000 0.728503 0.383647 -0.567537 -1.766200 0.330896 0.528342 0.781897 -2.569600 0.000000 0.000000 0.000000 1.000000
0.576504 -0.810065 0.106952 -8.685000 0.687878 0.410516 -0.598581 -1.766200 0.440984 0.418655 0.793890 -2.569600 0.000000 0.000000 0.000000 1.000000
0.557898 -0.829703 -0.018547 -8.685000 0.665286 0.460479 -0.587667 -1.766200 0.496130 0.315519 0.808890 -2.569600 0.000000 0.000000 0.000000 1.000000
0.576169 -0.814353 -0.069706 -8.685000 0.686789 0.528618 -0.498882 -1.766200 0.443114 0.239567 0.863862 -2.569600 0.000000 0.000000 0.000000 1.000000
0.632810 -0.771307 -0.068093 -8.685000 0.712962 0.614723 -0.337343 -1.766200 0.302054 0.164927 0.938916 -2.569600 0.000000 0.000000 0.000000 1.000000
0.681470 -0.731846 -0.000269 -8.685000 0.729540 0.679351 -0.079085 -1.766200 0.058060 0.053698 0.996868 -2.569600 0.000000 0.000000 0.000000 1.000000
0.670249 -0.716997 0.191525 -8.685000 0.707949 0.695141 0.124851 -1.766200 -0.222654 0.051909 0.973515 -2.569600 0.000000 0.000000 0.000000 1.000000
0.575436 -0.712764 0.401051 -8.685000 0.712055 0.677848 0.183029 -1.766200 -0.402308 0.180249 0.897585 -2.569600 0.000000 0.000000 0.000000 1.000000
0.455236 -0.685581 0.568102 -8.685000 0.733608 0.650387 0.197021 -1.766200 -0.504559 0.327073 0.799027 -2.569600 0.000000 0.000000 0.000000 1.000000
0.380592 -0.604654 0.699674 -8.685000 0.742022 0.651211 0.159145 -1.766200 -0.551863 0.458604 0.696512 -2.569600 0.000000 0.000000 0.000000 1.000000
0.366492 -0.527042 0.766753 -8.685000 0.757851 0.647176 0.082611 -1.766200 -0.539764 0.550808 0.636605 -2.569600 0.000000 0.000000 0.000000 1.000000
0.382060 -0.510243 0.770508 -8.685000 0.797991 0.602660 0.003404 -1.766200 -0.466091 0.613558 0.637421 -2.569600 0.000000 0.000000 0.000000 1.000000
0.408027 -0.479695 0.776792 -8.685000 0.824122 0.559646 -0.087288 -1.766200 -0.392857 0.675787 0.623678 -2.569600 0.000000 0.000000 0.000000 1.000000
0.437147 -0.443720 0.782313 -8.685000 0.831651 0.530602 -0.163764 -1.766200 -0.342432 0.722200 0.600972 -2.569600 0.000000 0.000000 0.000000 1.000000
0.485345 -0.452013 0.748415 -8.685000 0.820291 0.531661 -0.210854 -1.766200 -0.302594 0.716255 0.628821 -2.569600 0.000000 0.000000 0.000000 1.000000
0.533713 -0.507034 0.676806 -8.685000 0.820867 0.503006 -0.270485 -1.766200 -0.203292 0.699929 0.684669 -2.569600 0.000000 0.000000 0.000000 1.000000</float_array>
        <technique_common>
          <accessor source="#RightArm-Matrix-animation-output-transform-array" count="19" stride="16">
            <param type="float4x4"/>
          </accessor>
        </technique_common>
      </source>
      <source id="RightArm-Interpolations">
        <Name_array id="RightArm-Interpolations-array" count="19">
 LINEAR LINEAR LINEAR LINEAR LINEAR LINEAR LINEAR LINEAR LINEAR LINEAR LINEAR
LINEAR LINEAR LINEAR LINEAR LINEAR LINEAR LINEAR LINEAR</Name_array>
        <technique_common>
          <accessor source="#RightArm-Interpolations-array" count="19">
            <param type="name"/>
          </accessor>
        </technique_common>
      </source>
      <sampler id="RightArm-Matrix-animation-transform">
        <input semantic="INPUT" source="#RightArm-Matrix-animation-input"/>
        <input semantic="OUTPUT" source="#RightArm-Matrix-animation-output-transform"/>
        <input semantic="INTERPOLATION" source="#RightArm-Interpolations"/>
      </sampler>
      <channel source="#RightArm-Matrix-animation-transform" target="RightArm/matrix"/>
      <source id="RightForeArm-Matrix-animation-input">
        <float_array id="RightForeArm-Matrix-animation-input-array" count="19">

0.000000 0.033333 0.066667 0.100000 0.133333 0.166667 0.200000 0.233333 0.266667 0.300000 0.333333 0.366667 0.400000 0.433333 0.466667 0.500000
0.533333 0.566667 0.600000</float_array>
        <technique_common>
          <accessor source="#RightForeArm-Matrix-animation-input-array" count="19">
            <param name="TIME" type="float"/>
          </accessor>
        </technique_common>
      </source>
      <source id="RightForeArm-Matrix-animation-output-transform">
        <float_array id="RightForeArm-Matrix-animation-output-transform-array" count="304">

0.221309 -0.000004 0.975204 -24.573900 0.000001 1.000000 0.000004 -0.000100 -0.975204 -0.000000 0.221309 0.000000 0.000000 0.000000 0.000000 1.000000
0.160177 -0.000004 0.987088 -24.573900 0.000001 1.000000 0.000004 -0.000100 -0.987088 -0.000000 0.160177 0.000000 0.000000 0.000000 0.000000 1.000000
0.093674 -0.000004 0.995603 -24.573900 0.000000 1.000000 0.000004 -0.000100 -0.995603 -0.000000 0.093674 0.000000 0.000000 0.000000 0.000000 1.000000
0.037720 -0.000004 0.999288 -24.573900 0.000000 1.000000 0.000004 -0.000100 -0.999288 0.000000 0.037720 0.000000 0.000000 0.000000 0.000000 1.000000
-0.009843 -0.000014 0.999952 -24.573900 -0.000000 1.000000 0.000014 -0.000100 -0.999952 0.000000 -0.009843 0.000000 0.000000 0.000000 0.000000 1.000000
-0.008346 -0.000022 0.999965 -24.573900 -0.000000 1.000000 0.000022 -0.000100 -0.999965 0.000000 -0.008346 0.000000 0.000000 0.000000 0.000000 1.000000
0.079554 -0.000004 0.996831 -24.573900 0.000001 1.000000 0.000004 -0.000100 -0.996831 0.000000 0.079554 0.000000 0.000000 0.000000 0.000000 1.000000
0.204121 -0.000004 0.978946 -24.573900 0.000001 1.000000 0.000004 -0.000100 -0.978946 -0.000000 0.204121 0.000000 0.000000 0.000000 0.000000 1.000000
0.355387 -0.000004 0.934719 -24.573900 0.000001 1.000000 0.000004 -0.000100 -0.934719 0.000000 0.355387 0.000000 0.000000 0.000000 0.000000 1.000000
0.441743 -0.000004 0.897142 -24.573900 0.000002 1.000000 0.000003 -0.000100 -0.897142 0.000000 0.441743 0.000000 0.000000 0.000000 0.000000 1.000000
0.419031 -0.000004 0.907972 -24.573900 0.000002 1.000000 0.000004 -0.000100 -0.907972 0.000000 0.419031 0.000000 0.000000 0.000000 0.000000 1.000000
0.365915 -0.000004 0.930648 -24.573900 0.000002 1.000000 0.000004 -0.000100 -0.930648 0.000000 0.365915 0.000000 0.000000 0.000000 0.000000 1.000000
0.288406 -0.000004 0.957508 -24.573900 0.000001 1.000000 0.000004 -0.000100 -0.957508 -0.000000 0.288406 0.000000 0.000000 0.000000 0.000000 1.000000
