<?xml version="1.0" encoding="utf-8"?>
<COLLADA xmlns="http://www.collada.org/2005/11/COLLADASchema" version="1.4.1">
  <asset>
    <contributor>
      <author>Mixamo</author>
      <authoring_tool>COLLADA Mixamo exporter</authoring_tool>
      <comments/>
    </contributor>
    <created>2021-07-11T16:57:03Z</created>
    <modified>2021-07-11T16:57:03Z</modified>
    <revision/>
    <title/>
    <unit meter="0.010000"/>
    <up_axis>Y_UP</up_axis>
  </asset>
  <library_animations>
    <animation>
      <source id="Hips-Matrix-animation-input">
        <float_array id="Hips-Matrix-animation-input-array" count="25">

0.000000 0.033333 0.066667 0.100000 0.133333 0.166667 0.200000 0.233333 0.266667 0.300000 0.333333 0.366667 0.400000 0.433333 0.466667 0.500000
0.533333 0.566667 0.600000 0.633333 0.666667 0.700000 0.733333 0.766667 0.800000</float_array>
        <technique_common>
          <accessor source="#Hips-Matrix-animation-input-array" count="25">
            <param name="TIME" type="float"/>
          </accessor>
        </technique_common>
      </source>
      <source id="Hips-Matrix-animation-output-transform">
        <float_array id="Hips-Matrix-animation-output-transform-array" count="400">

0.955330 -0.198327 -0.219116 -0.740242 0.157345 0.968904 -0.190967 94.481544 0.250176 0.147960 0.956828 1.784278 0.000000 0.000000 0.000000 1.000000
0.964805 -0.172342 -0.198616 -0.323866 0.129877 0.969045 -0.209961 96.139603 0.228653 0.176775 0.957323 1.184210 0.000000 0.000000 0.000000 1.000000
0.975698 -0.137190 -0.170857 0.128552 0.097452 0.970071 -0.222409 98.940186 0.196256 0.200353 0.959866 0.878176 0.000000 0.000000 0.000000 1.000000
0.985233 -0.102729 -0.136976 0.274419 0.068546 0.969755 -0.234258 102.004311 0.156899 0.221410 0.962476 0.738827 0.000000 0.000000 0.000000 1.000000
0.989033 -0.089167 -0.117741 0.567168 0.057181 0.966196 -0.251388 104.349503 0.136176 0.241899 0.960698 0.747335 0.000000 0.000000 0.000000 1.000000
0.990603 -0.079268 -0.111458 1.014385 0.049592 0.967639 -0.247418 105.699799 0.127464 0.239565 0.962477 0.871801 0.000000 0.000000 0.000000 1.000000
0.991946 -0.070392 -0.105295 1.177919 0.045138 0.973222 -0.225393 105.822838 0.118342 0.218825 0.968561 1.156410 0.000000 0.000000 0.000000 1.000000
0.993041 -0.064126 -0.098775 1.241569 0.042970 0.978220 -0.203073 104.763824 0.109646 0.197416 0.974169 1.184460 0.000000 0.000000 0.000000 1.000000
0.994819 -0.050162 -0.088420 1.472913 0.033087 0.982190 -0.184952 103.056595 0.096123 0.181069 0.978762 0.747226 0.000000 0.000000 0.000000 1.000000
0.996033 -0.035101 -0.081770 1.420850 0.022139 0.987770 -0.154340 100.791985 0.086188 0.151917 0.984628 0.486814 0.000000 0.000000 0.000000 1.000000
0.996028 -0.013474 -0.088012 1.831165 0.002431 0.992230 -0.124397 98.520340 0.089004 0.123689 0.988321 -0.361120 0.000000 0.000000 0.000000 1.000000
0.993492 -0.008031 -0.113615 2.528072 -0.004731 0.993740 -0.111618 97.455162 0.113801 0.111429 0.987235 -1.059338 0.000000 0.000000 0.000000 1.000000
0.986943 -0.026841 -0.158818 2.640007 0.008902 0.993600 -0.112608 98.104996 0.160824 0.109724 0.980865 -1.113313 0.000000 0.000000 0.000000 1.000000
0.975165 -0.051444 -0.215421 2.210601 0.028468 0.993696 -0.108435 100.176788 0.219641 0.099609 0.970482 -0.860895 0.000000 0.000000 0.000000 1.000000
0.963729 -0.085852 -0.252696 1.522334 0.060153 0.992358 -0.107735 102.897484 0.260015 0.088627 0.961529 -0.219074 0.000000 0.000000 0.000000 1.000000
0.953697 -0.120569 -0.275547 0.910362 0.089558 0.988417 -0.122523 105.069717 0.287127 0.092172 0.953448 0.517287 0.000000 0.000000 0.000000 1.000000
0.952638 -0.120133 -0.279372 0.255890 0.085490 0.987411 -0.133084 105.840698 0.291843 0.102897 0.950915 1.398769 0.000000 0.000000 0.000000 1.000000
0.958939 -0.088837 -0.269341 -0.688346 0.056084 0.990321 -0.126963 105.833435 0.278013 0.106644 0.954639 2.473933 0.000000 0.000000 0.000000 1.000000
0.964562 -0.071965 -0.253854 -1.434265 0.044442 0.992652 -0.112545 105.167122 0.260088 0.097275 0.960673 3.441004 0.000000 0.000000 0.000000 1.000000
0.967378 -0.074283 -0.242200 -1.731455 0.051866 0.993867 -0.097662 103.866066 0.247969 0.081914 0.965299 3.849802 0.000000 0.000000 0.000000 1.000000
0.966864 -0.077263 -0.243318 -1.706224 0.056545 0.994242 -0.091021 102.162605 0.248949 0.074247 0.965666 3.838419 0.000000 0.000000 0.000000 1.000000
0.963076 -0.089417 -0.253946 -1.570077 0.065519 0.992719 -0.101072 99.060303 0.261135 0.080702 0.961923 3.605059 0.000000 0.000000 0.000000 1.000000
0.954628 -0.145481 -0.259846 -1.189365 0.119838 0.986453 -0.112028 96.289040 0.272624 0.075805 0.959130 2.705986 0.000000 0.000000 0.000000 1.000000
0.949345 -0.191600 -0.249064 -1.027218 0.158521 0.976370 -0.146876 94.278244 0.271320 0.099955 0.957285 1.830371 0.000000 0.000000 0.000000 1.000000
0.955329 -0.198327 -0.219116 -0.740246 0.157345 0.968904 -0.190967 94.481537 0.250176 0.147960 0.956828 1.784277 0.000000 0.000000 0.000000 1.000000</float_array>
        <technique_common>
          <accessor source="#Hips-Matrix-animation-output-transform-array" count="25" stride="16">
            <param type="float4x4"/>
          </accessor>
        </technique_common>
      </source>
      <source id="Hips-Interpolations">
        <Name_array id="Hips-Interpolations-array" count="25">
 LINEAR LINEAR LINEAR LINEAR LINEAR LINEAR LINEAR LINEAR LINEAR LINEAR LINEAR
LINEAR LINEAR LINEAR LINEAR LINEAR LINEAR LINEAR LINEAR LINEAR LINEAR LINEAR LINEAR
LINEAR LINEAR</Name_array>
        <technique_common>
          <accessor source="#Hips-Interpolations-array" count="25">
            <param type="name"/>
          </accessor>
        </technique_common>
      </source>
      <sampler id="Hips-Matrix-animation-transform">
        <input semantic="INPUT" source="#Hips-Matrix-animation-input"/>
        <input semantic="OUTPUT" source="#Hips-Matrix-animation-output-transform"/>
        <input semantic="INTERPOLATION" source="#Hips-Interpolations"/>
      </sampler>
      <channel source="#Hips-Matrix-animation-transform" target="Hips/matrix"/>
      <source id="Spine-Matrix-animation-input">
        <float_array id="Spine-Matrix-animation-input-array" count="25">

0.000000 0.033333 0.066667 0.100000 0.133333 0.166667 0.200000 0.233333 0.266667 0.300000 0.333333 0.366667 0.400000 0.433333 0.466667 0.500000
0.533333 0.566667 0.600000 0.633333 0.666667 0.700000 0.733333 0.766667 0.800000</float_array>
        <technique_common>
          <accessor source="#Spine-Matrix-animation-input-array" count="25">
            <param name="TIME" type="float"/>
          </accessor>
        </technique_common>
      </source>
      <source id="Spine-Matrix-animation-output-transform">
        <float_array id="Spine-Matrix-animation-output-transform-array" count="400">

0.990752 0.128446 0.043733 -0.000000 -0.121243 0.982747 -0.139670 5.245300 -0.060919 0.133076 0.989232 0.258800 0.000000 0.000000 0.000000 1.000000
0.995638 0.091144 0.019941 0.000000 -0.087949 0.988188 -0.125499 5.245300 -0.031144 0.123198 0.991893 0.258800 0.000000 0.000000 0.000000 1.000000
0.999056 0.041803 -0.011835 -0.000000 -0.042872 0.992715 -0.112597 5.245300 0.007042 0.112998 0.993570 0.258800 0.000000 0.000000 0.000000 1.000000
0.998655 -0.005031 -0.051609 0.000000 -0.000469 0.994365 -0.106008 5.245300 0.051851 0.105889 0.993025 0.258800 0.000000 0.000000 0.000000 1.000000
0.996383 -0.033445 -0.078120 0.000000 0.026190 0.995404 -0.092111 5.245300 0.080842 0.089732 0.992680 0.258800 0.000000 0.000000 0.000000 1.000000
0.995252 -0.048154 -0.084583 0.000000 0.041192 0.995764 -0.082204 5.245300 0.088183 0.078330 0.993020 0.258800 0.000000 0.000000 0.000000 1.000000
0.994699 -0.055907 -0.086303 0.000000 0.048873 0.995469 -0.081566 5.245300 0.090472 0.076916 0.992924 0.258800 0.000000 0.000000 0.000000 1.000000
0.994590 -0.059766 -0.084962 -0.000000 0.052380 0.994860 -0.086655 5.245300 0.089705 0.081736 0.992609 0.258800 0.000000 0.000000 0.000000 1.000000
0.994057 -0.072511 -0.081197 0.000000 0.064278 0.992931 -0.099778 5.245300 0.087858 0.093965 0.991691 0.258800 0.000000 0.000000 0.000000 1.000000
0.994632 -0.082789 -0.062072 -0.000000 0.074605 0.989446 -0.124218 5.245300 0.071701 0.118920 0.990312 0.258800 0.000000 0.000000 0.000000 1.000000
0.994692 -0.101032 -0.019511 0.000000 0.096770 0.982939 -0.156417 5.245300 0.034981 0.153699 0.987498 0.258800 0.000000 0.000000 0.000000 1.000000
0.993939 -0.104618 0.033761 -0.000000 0.108879 0.979231 -0.171030 5.245300 -0.015167 0.173669 0.984687 0.258800 0.000000 0.000000 0.000000 1.000000
0.993776 -0.082117 0.075276 0.000000 0.093846 0.981217 -0.168541 5.245300 -0.060022 0.174556 0.982816 0.258800 0.000000 0.000000 0.000000 1.000000
0.991978 -0.041529 0.119391 -0.000000 0.061328 0.984001 -0.167275 5.245300 -0.110534 0.173255 0.978655 0.258800 0.000000 0.000000 0.000000 1.000000
0.988038 0.008321 0.153988 0.000000 0.017274 0.986287 -0.164132 5.245300 -0.153242 0.164828 0.974345 0.258800 0.000000 0.000000 0.000000 1.000000
0.982822 0.052332 0.176980 -0.000000 -0.025018 0.987882 -0.153176 5.245300 -0.182851 0.146117 0.972222 0.258800 0.000000 0.000000 0.000000 1.000000
0.980679 0.065209 0.184437 0.000000 -0.041677 0.990806 -0.128709 5.245300 -0.191134 0.118535 0.974380 0.258800 0.000000 0.000000 0.000000 1.000000
0.982628 0.053856 0.177599 0.000000 -0.034647 0.993378 -0.109543 5.245300 -0.182323 0.101487 0.977987 0.258800 0.000000 0.000000 0.000000 1.000000
0.984248 0.050536 0.169418 -0.000000 -0.032361 0.993583 -0.108374 5.245300 -0.173808 0.101184 0.979568 0.258800 0.000000 0.000000 0.000000 1.000000
0.984822 0.061450 0.162326 0.000000 -0.042084 0.991862 -0.120157 5.245300 -0.168389 0.111502 0.979394 0.258800 0.000000 0.000000 0.000000 1.000000
0.986376 0.060322 0.153047 0.000000 -0.039201 0.989733 -0.137448 5.245300 -0.159767 0.129576 0.978614 0.258800 0.000000 0.000000 0.000000 1.000000
0.988716 0.063011 0.135905 0.000000 -0.042871 0.988307 -0.146328 5.245300 -0.143536 0.138851 0.979856 0.258800 0.000000 0.000000 0.000000 1.000000
0.988815 0.098746 0.111779 -0.000000 -0.079115 0.982581 -0.168151 5.245300 -0.126436 0.157427 0.979403 0.258800 0.000000 0.000000 0.000000 1.000000
0.987988 0.130371 0.082960 0.000000 -0.115041 0.978980 -0.168413 5.245300 -0.103173 0.156847 0.982219 0.258800 0.000000 0.000000 0.000000 1.000000
0.990752 0.128446 0.043734 -0.000000 -0.121243 0.982747 -0.139670 5.245300 -0.060919 0.133076 0.989232 0.258800 0.000000 0.000000 0.000000 1.000000</float_array>
        <technique_common>
          <accessor source="#Spine-Matrix-animation-output-transform-array" count="25" stride="16">
            <param type="float4x4"/>
          </accessor>
        </technique_common>
      </source>
      <source id="Spine-Interpolations">
        <Name_array id="Spine-Interpolations-array" count="25">
 LINEAR LINEAR LINEAR LINEAR LINEAR LINEAR LINEAR LINEAR LINEAR LINEAR LINEAR
LINEAR LINEAR LINEAR LINEAR LINEAR LINEAR LINEAR LINEAR LINEAR LINEAR LINEAR LINEAR
LINEAR LINEAR</Name_array>
        <technique_common>
          <accessor source="#Spine-Interpolations-array" count="25">
            <param type="name"/>
          </accessor>
        </technique_common>
      </source>
      <sampler id="Spine-Matrix-animation-transform">
        <input semantic="INPUT" source="#Spine-Matrix-animation-input"/>
        <input semantic="OUTPUT" source="#Spine-Matrix-animation-output-transform"/>
        <input semantic="INTERPOLATION" source="#Spine-Interpolations"/>
      </sampler>
      <channel source="#Spine-Matrix-animation-transform" target="Spine/matrix"/>
      <source id="Spine1-Matrix-animation-input">
        <float_array id="Spine1-Matrix-animation-input-array" count="25">

0.000000 0.033333 0.066667 0.100000 0.133333 0.166667 0.200000 0.233333 0.266667 0.300000 0.333333 0.366667 0.400000 0.433333 0.466667 0.500000
0.533333 0.566667 0.600000 0.633333 0.666667 0.700000 0.733333 0.766667 0.800000</float_array>
        <technique_common>
          <accessor source="#Spine1-Matrix-animation-input-array" count="25">
            <param name="TIME" type="float"/>
          </accessor>
        </technique_common>
      </source>
      <source id="Spine1-Matrix-animation-output-transform">
        <float_array id="Spine1-Matrix-animation-output-transform-array" count="400">

0.999328 0.025178 0.026631 -0.031400 -0.024452 0.999330 -0.027243 11.044900 -0.027299 0.026573 0.999274 -0.697600 0.000000 0.000000 0.000000 1.000000
0.999745 0.016715 0.015157 -0.031400 -0.016449 0.999712 -0.017489 11.044900 -0.015445 0.017235 0.999732 -0.697600 0.000000 0.000000 0.000000 1.000000
0.999980 0.006243 -0.001071 -0.031400 -0.006249 0.999959 -0.006542 11.044900 0.001031 0.006548 0.999978 -0.697600 0.000000 0.000000 0.000000 1.000000
0.999767 -0.002729 -0.021423 -0.031400 0.002738 0.999996 0.000369 11.044900 0.021422 -0.000428 0.999770 -0.697600 0.000000 0.000000 0.000000 1.000000
0.999352 -0.006228 -0.035456 -0.031400 0.006333 0.999976 0.002865 11.044900 0.035437 -0.003088 0.999367 -0.697600 0.000000 0.000000 0.000000 1.000000
0.999155 -0.010495 -0.039743 -0.031400 0.010364 0.999940 -0.003505 11.044900 0.039777 0.003091 0.999204 -0.697600 0.000000 0.000000 0.000000 1.000000
0.999075 -0.013504 -0.040838 -0.031400 0.013061 0.999853 -0.011109 11.044900 0.040982 0.010566 0.999104 -0.697600 0.000000 0.000000 0.000000 1.000000
0.999101 -0.015204 -0.039585 -0.031400 0.014611 0.999777 -0.015246 11.044900 0.039807 0.014654 0.999100 -0.697600 0.000000 0.000000 0.000000 1.000000
0.999155 -0.015175 -0.038207 -0.031400 0.014664 0.999800 -0.013628 11.044900 0.038406 0.013056 0.999177 -0.697600 0.000000 0.000000 0.000000 1.000000
0.999413 -0.016210 -0.030168 -0.031400 0.015715 0.999739 -0.016553 11.044900 0.030429 0.016069 0.999408 -0.697600 0.000000 0.000000 0.000000 1.000000
0.999698 -0.020804 -0.013071 -0.031400 0.020485 0.999499 -0.024120 11.044900 0.013566 0.023845 0.999624 -0.697600 0.000000 0.000000 0.000000 1.000000
0.999711 -0.022186 0.009278 -0.031400 0.022449 0.999318 -0.029329 11.044900 -0.008621 0.029529 0.999527 -0.697600 0.000000 0.000000 0.000000 1.000000
0.999454 -0.017172 0.028211 -0.031400 0.017989 0.999419 -0.028935 11.044900 -0.027698 0.029427 0.999183 -0.697600 0.000000 0.000000 0.000000 1.000000
0.998724 -0.008264 0.049813 -0.031400 0.009576 0.999612 -0.026156 11.044900 -0.049577 0.026600 0.998416 -0.697600 0.000000 0.000000 0.000000 1.000000
0.997656 0.003427 0.068347 -0.031400 -0.001745 0.999694 -0.024662 11.044900 -0.068411 0.024485 0.997357 -0.697600 0.000000 0.000000 0.000000 1.000000
0.996562 0.013591 0.081730 -0.031400 -0.011640 0.999637 -0.024309 11.044900 -0.082031 0.023274 0.996358 -0.697600 0.000000 0.000000 0.000000 1.000000
0.996189 0.009446 0.086707 -0.031400 -0.007104 0.999603 -0.027281 11.044900 -0.086930 0.026561 0.995860 -0.697600 0.000000 0.000000 0.000000 1.000000
0.996484 -0.002969 0.083736 -0.031400 0.005734 0.999445 -0.032802 11.044900 -0.083592 0.033167 0.995948 -0.697600 0.000000 0.000000 0.000000 1.000000
0.996730 -0.009863 0.080199 -0.031400 0.012979 0.999177 -0.038430 11.044900 -0.079754 0.039345 0.996038 -0.697600 0.000000 0.000000 0.000000 1.000000
0.996967 -0.010762 0.077077 -0.031400 0.014183 0.998932 -0.043974 11.044900 -0.076522 0.044934 0.996055 -0.697600 0.000000 0.000000 0.000000 1.000000
0.997497 -0.004303 0.070581 -0.031400 0.007358 0.999045 -0.043074 11.044900 -0.070328 0.043486 0.996576 -0.697600 0.000000 0.000000 0.000000 1.000000
0.998092 0.009439 0.061011 -0.031400 -0.007103 0.999238 -0.038383 11.044900 -0.061327 0.037876 0.997399 -0.697600 0.000000 0.000000 0.000000 1.000000
0.998417 0.019032 0.052919 -0.031400 -0.017004 0.999113 -0.038521 11.044900 -0.053605 0.037560 0.997856 -0.697600 0.000000 0.000000 0.000000 1.000000
0.998727 0.025570 0.043473 -0.031400 -0.024046 0.999090 -0.035233 11.044900 -0.044334 0.034143 0.998433 -0.697600 0.000000 0.000000 0.000000 1.000000
0.999328 0.025178 0.026631 -0.031400 -0.024452 0.999330 -0.027243 11.044900 -0.027299 0.026573 0.999274 -0.697600 0.000000 0.000000 0.000000 1.000000</float_array>
        <technique_common>
          <accessor source="#Spine1-Matrix-animation-output-transform-array" count="25" stride="16">
            <param type="float4x4"/>
          </accessor>
        </technique_common>
      </source>
      <source id="Spine1-Interpolations">
        <Name_array id="Spine1-Interpolations-array" count="25">
 LINEAR LINEAR LINEAR LINEAR LINEAR LINEAR LINEAR LINEAR LINEAR LINEAR LINEAR
LINEAR LINEAR LINEAR LINEAR LINEAR LINEAR LINEAR LINEAR LINEAR LINEAR LINEAR LINEAR
LINEAR LINEAR</Name_array>
        <technique_common>
          <accessor source="#Spine1-Interpolations-array" count="25">
            <param type="name"/>
          </accessor>
        </technique_common>
      </source>
      <sampler id="Spine1-Matrix-animation-transform">
        <input semantic="INPUT" source="#Spine1-Matrix-animation-input"/>
        <input semantic="OUTPUT" source="#Spine1-Matrix-animation-output-transform"/>
        <input semantic="INTERPOLATION" source="#Spine1-Interpolations"/>
      </sampler>
      <channel source="#Spine1-Matrix-animation-transform" target="Spine1/matrix"/>
      <source id="Spine2-Matrix-animation-input">
        <float_array id="Spine2-Matrix-animation-input-array" count="25">

0.000000 0.033333 0.066667 0.100000 0.133333 0.166667 0.200000 0.233333 0.266667 0.300000 0.333333 0.366667 0.400000 0.433333 0.466667 0.500000
0.533333 0.566667 0.600000 0.633333 0.666667 0.700000 0.733333 0.766667 0.800000</float_array>
        <technique_common>
          <accessor source="#Spine2-Matrix-animation-input-array" count="25">
            <param name="TIME" type="float"/>
          </accessor>
        </technique_common>
      </source>
      <source id="Spine2-Matrix-animation-output-transform">
        <float_array id="Spine2-Matrix-animation-output-transform-array" count="400">

0.999320 0.025468 0.026680 -0.035900 -0.024747 0.999329 -0.027011 8.068900 -0.027350 0.026332 0.999279 -1.087700 0.000000 0.000000 0.000000 1.000000
0.999743 0.016891 0.015114 -0.035900 -0.016627 0.999710 -0.017427 8.068900 -0.015404 0.017171 0.999734 -1.087700 0.000000 0.000000 0.000000 1.000000
0.999980 0.006234 -0.001112 -0.035900 -0.006241 0.999959 -0.006539 8.068900 0.001071 0.006546 0.999978 -1.087700 0.000000 0.000000 0.000000 1.000000
0.999767 -0.003023 -0.021389 -0.035900 0.003033 0.999995 0.000463 8.068900 0.021388 -0.000528 0.999771 -1.087700 0.000000 0.000000 0.000000 1.000000
0.999352 -0.006688 -0.035380 -0.035900 0.006800 0.999972 0.003055 8.068900 0.035359 -0.003293 0.999369 -1.087700 0.000000 0.000000 0.000000 1.000000
0.999153 -0.010841 -0.039688 -0.035900 0.010716 0.999937 -0.003358 8.068900 0.039722 0.002930 0.999206 -1.087700 0.000000 0.000000 0.000000 1.000000
0.999073 -0.013717 -0.040815 -0.035900 0.013277 0.999851 -0.011029 8.068900 0.040960 0.010477 0.999106 -1.087700 0.000000 0.000000 0.000000 1.000000
0.999098 -0.015382 -0.039569 -0.035900 0.014791 0.999775 -0.015193 8.068900 0.039794 0.014594 0.999101 -1.087700 0.000000 0.000000 0.000000 1.000000
0.999152 -0.015478 -0.038165 -0.035900 0.014971 0.999797 -0.013519 8.068900 0.038367 0.012936 0.999180 -1.087700 0.000000 0.000000 0.000000 1.000000
0.999410 -0.016551 -0.030110 -0.035900 0.016061 0.999736 -0.016434 8.068900 0.030374 0.015940 0.999411 -1.087700 0.000000 0.000000 0.000000 1.000000
0.999695 -0.021012 -0.013005 -0.035900 0.020695 0.999497 -0.024040 8.068900 0.013504 0.023764 0.999626 -1.087700 0.000000 0.000000 0.000000 1.000000
0.999712 -0.022096 0.009325 -0.035900 0.022361 0.999319 -0.029359 8.068900 -0.008670 0.029559 0.999525 -1.087700 0.000000 0.000000 0.000000 1.000000
0.999461 -0.016806 0.028215 -0.035900 0.017625 0.999423 -0.029051 8.068900 -0.027711 0.029533 0.999180 -1.087700 0.000000 0.000000 0.000000 1.000000
0.998733 -0.007584 0.049757 -0.035900 0.008901 0.999614 -0.026309 8.068900 -0.049538 0.026718 0.998415 -1.087700 0.000000 0.000000 0.000000 1.000000
0.997660 0.004340 0.068233 -0.035900 -0.002656 0.999690 -0.024750 8.068900 -0.068319 0.024511 0.997362 -1.087700 0.000000 0.000000 0.000000 1.000000
0.996560 0.014556 0.081592 -0.035900 -0.012612 0.999625 -0.024292 8.068900 -0.081915 0.023180 0.996370 -1.087700 0.000000 0.000000 0.000000 1.000000
0.996186 0.010001 0.086683 -0.035900 -0.007686 0.999606 -0.027000 8.068900 -0.086919 0.026230 0.995870 -1.087700 0.000000 0.000000 0.000000 1.000000
0.996479 -0.002957 0.083792 -0.035900 0.005673 0.999465 -0.032198 8.068900 -0.083652 0.032560 0.995963 -1.087700 0.000000 0.000000 0.000000 1.000000
0.996727 -0.010071 0.080208 -0.035900 0.013128 0.999204 -0.037675 8.068900 -0.079765 0.038605 0.996066 -1.087700 0.000000 0.000000 0.000000 1.000000
0.996965 -0.010944 0.077077 -0.035900 0.014301 0.998967 -0.043137 8.068900 -0.076525 0.044109 0.996092 -1.087700 0.000000 0.000000 0.000000 1.000000
0.997497 -0.004094 0.070587 -0.035900 0.007125 0.999061 -0.042739 8.068900 -0.070345 0.043135 0.996590 -1.087700 0.000000 0.000000 0.000000 1.000000
0.998091 0.009881 0.060965 -0.035900 -0.007545 0.999233 -0.038430 8.068900 -0.061298 0.037897 0.997400 -1.087700 0.000000 0.000000 0.000000 1.000000
0.998412 0.019627 0.052804 -0.035900 -0.017604 0.999103 -0.038504 8.068900 -0.053512 0.037513 0.997862 -1.087700 0.000000 0.000000 0.000000 1.000000
0.998717 0.026130 0.043373 -0.035900 -0.024617 0.999082 -0.035051 8.068900 -0.044250 0.033938 0.998444 -1.087700 0.000000 0.000000 0.000000 1.000000
0.999320 0.025468 0.026680 -0.035900 -0.024747 0.999329 -0.027011 8.068900 -0.027350 0.026332 0.999279 -1.087700 0.000000 0.000000 0.000000 1.000000</float_array>
        <technique_common>
          <accessor source="#Spine2-Matrix-animation-output-transform-array" count="25" stride="16">
            <param type="float4x4"/>
          </accessor>
        </technique_common>
      </source>
      <source id="Spine2-Interpolations">
        <Name_array id="Spine2-Interpolations-array" count="25">
 LINEAR LINEAR LINEAR LINEAR LINEAR LINEAR LINEAR LINEAR LINEAR LINEAR LINEAR
LINEAR LINEAR LINEAR LINEAR LINEAR LINEAR LINEAR LINEAR LINEAR LINEAR LINEAR LINEAR
LINEAR LINEAR</Name_array>
        <technique_common>
          <accessor source="#Spine2-Interpolations-array" count="25">
            <param type="name"/>
          </accessor>
        </technique_common>
      </source>
      <sampler id="Spine2-Matrix-animation-transform">
        <input semantic="INPUT" source="#Spine2-Matrix-animation-input"/>
        <input semantic="OUTPUT" source="#Spine2-Matrix-animation-output-transform"/>
        <input semantic="INTERPOLATION" source="#Spine2-Interpolations"/>
      </sampler>
      <channel source="#Spine2-Matrix-animation-transform" target="Spine2/matrix"/>
      <source id="Neck-Matrix-animation-input">
        <float_array id="Neck-Matrix-animation-input-array" count="25">

0.000000 0.033333 0.066667 0.100000 0.133333 0.166667 0.200000 0.233333 0.266667 0.300000 0.333333 0.366667 0.400000 0.433333 0.466667 0.500000
0.533333 0.566667 0.600000 0.633333 0.666667 0.700000 0.733333 0.766667 0.800000</float_array>
        <technique_common>
          <accessor source="#Neck-Matrix-animation-input-array" count="25">
            <param name="TIME" type="float"/>
          </accessor>
        </technique_common>
      </source>
      <source id="Neck-Matrix-animation-output-transform">
        <float_array id="Neck-Matrix-animation-output-transform-array" count="400">

0.967283 -0.073676 -0.242766 -0.040300 0.080854 0.996531 0.019723 18.919500 0.240471 -0.038707 0.969884 -3.736100 0.000000 0.000000 0.000000 1.000000
0.968036 -0.073082 -0.239926 -0.040300 0.079401 0.996702 0.016760 18.919500 0.237910 -0.035275 0.970646 -3.736100 0.000000 0.000000 0.000000 1.000000
0.968889 -0.073019 -0.236481 -0.040300 0.078511 0.996817 0.013875 18.919500 0.234715 -0.032010 0.971537 -3.736100 0.000000 0.000000 0.000000 1.000000
0.969582 -0.074548 -0.233136 -0.040300 0.080238 0.996663 0.015002 18.919500 0.231239 -0.033252 0.972328 -3.736100 0.000000 0.000000 0.000000 1.000000
0.969941 -0.077100 -0.230802 -0.040300 0.083744 0.996304 0.019116 18.919500 0.228475 -0.037870 0.972813 -3.736100 0.000000 0.000000 0.000000 1.000000
0.970006 -0.079205 -0.229815 -0.040300 0.086359 0.996038 0.021224 18.919500 0.227224 -0.040434 0.973003 -3.736100 0.000000 0.000000 0.000000 1.000000
0.969686 -0.082772 -0.229907 -0.040300 0.089496 0.995807 0.018956 18.919500 0.227374 -0.038957 0.973028 -3.736100 0.000000 0.000000 0.000000 1.000000
0.969415 -0.085169 -0.230176 -0.040300 0.090955 0.995748 0.014625 18.919500 0.227951 -0.035113 0.973039 -3.736100 0.000000 0.000000 0.000000 1.000000
0.968967 -0.088021 -0.230989 -0.040300 0.093321 0.995563 0.012096 18.919500 0.228899 -0.033277 0.972881 -3.736100 0.000000 0.000000 0.000000 1.000000
0.968548 -0.088265 -0.232645 -0.040300 0.093784 0.995511 0.012749 18.919500 0.230475 -0.034166 0.972478 -3.736100 0.000000 0.000000 0.000000 1.000000
0.968244 -0.085858 -0.234800 -0.040300 0.091783 0.995675 0.014403 18.919500 0.232548 -0.035496 0.971937 -3.736100 0.000000 0.000000 0.000000 1.000000
0.967807 -0.084258 -0.237170 -0.040300 0.090268 0.995811 0.014574 18.919500 0.234948 -0.035514 0.971359 -3.736100 0.000000 0.000000 0.000000 1.000000
0.967294 -0.086915 -0.238304 -0.040300 0.092364 0.995656 0.011775 18.919500 0.236245 -0.033401 0.971119 -3.736100 0.000000 0.000000 0.000000 1.000000
0.966674 -0.090078 -0.239639 -0.040300 0.094971 0.995440 0.008928 18.919500 0.237742 -0.031389 0.970821 -3.736100 0.000000 0.000000 0.000000 1.000000
0.966228 -0.090434 -0.241301 -0.040300 0.095341 0.995406 0.008717 18.919500 0.239404 -0.031428 0.970411 -3.736100 0.000000 0.000000 0.000000 1.000000
0.965934 -0.090116 -0.242591 -0.040300 0.095930 0.995313 0.012236 18.919500 0.240351 -0.035091 0.970051 -3.736100 0.000000 0.000000 0.000000 1.000000
0.965937 -0.088264 -0.243261 -0.040300 0.094703 0.995394 0.014879 18.919500 0.240827 -0.037410 0.969847 -3.736100 0.000000 0.000000 0.000000 1.000000
0.965714 -0.088978 -0.243883 -0.040300 0.094908 0.995406 0.012647 18.919500 0.241638 -0.035360 0.969722 -3.736100 0.000000 0.000000 0.000000 1.000000
0.965544 -0.088662 -0.244672 -0.040300 0.093519 0.995583 0.008282 18.919500 0.242857 -0.030878 0.969571 -3.736100 0.000000 0.000000 0.000000 1.000000
0.965550 -0.086689 -0.245355 -0.040300 0.090904 0.995842 0.005887 18.919500 0.243824 -0.027988 0.969416 -3.736100 0.000000 0.000000 0.000000 1.000000
0.965668 -0.085327 -0.245368 -0.040300 0.089290 0.995993 0.005049 18.919500 0.243954 -0.026785 0.969417 -3.736100 0.000000 0.000000 0.000000 1.000000
0.965670 -0.086877 -0.244812 -0.040300 0.090664 0.995873 0.004220 18.919500 0.243435 -0.026271 0.969561 -3.736100 0.000000 0.000000 0.000000 1.000000
0.966785 -0.078858 -0.243123 -0.040300 0.083112 0.996514 0.007273 18.919500 0.241702 -0.027238 0.969968 -3.736100 0.000000 0.000000 0.000000 1.000000
0.967203 -0.074382 -0.242871 -0.040300 0.080144 0.996686 0.013914 18.919500 0.241031 -0.032922 0.969959 -3.736100 0.000000 0.000000 0.000000 1.000000
0.967296 -0.073688 -0.242712 -0.040300 0.080865 0.996530 0.019728 18.919500 0.240416 -0.038710 0.969898 -3.736100 0.000000 0.000000 0.000000 1.000000</float_array>
        <technique_common>
          <accessor source="#Neck-Matrix-animation-output-transform-array" count="25" stride="16">
            <param type="float4x4"/>
          </accessor>
        </technique_common>
      </source>
      <source id="Neck-Interpolations">
        <Name_array id="Neck-Interpolations-array" count="25">
 LINEAR LINEAR LINEAR LINEAR LINEAR LINEAR LINEAR LINEAR LINEAR LINEAR LINEAR
LINEAR LINEAR LINEAR LINEAR LINEAR LINEAR LINEAR LINEAR LINEAR LINEAR LINEAR LINEAR
LINEAR LINEAR</Name_array>
        <technique_common>
          <accessor source="#Neck-Interpolations-array" count="25">
            <param type="name"/>
          </accessor>
        </technique_common>
      </source>
      <sampler id="Neck-Matrix-animation-transform">
        <input semantic="INPUT" source="#Neck-Matrix-animation-input"/>
        <input semantic="OUTPUT" source="#Neck-Matrix-animation-output-transform"/>
        <input semantic="INTERPOLATION" source="#Neck-Interpolations"/>
      </sampler>
      <channel source="#Neck-Matrix-animation-transform" target="Neck/matrix"/>
      <source id="Head-Matrix-animation-input">
        <float_array id="Head-Matrix-animation-input-array" count="25">

0.000000 0.033333 0.066667 0.100000 0.133333 0.166667 0.200000 0.233333 0.266667 0.300000 0.333333 0.366667 0.400000 0.433333 0.466667 0.500000
0.533333 0.566667 0.600000 0.633333 0.666667 0.700000 0.733333 0.766667 0.800000</float_array>
        <technique_common>
          <accessor source="#Head-Matrix-animation-input-array" count="25">
            <param name="TIME" type="float"/>
          </accessor>
        </technique_common>
      </source>
      <source id="Head-Matrix-animation-output-transform">
        <float_array id="Head-Matrix-animation-output-transform-array" count="400">

0.922829 -0.028312 0.384169 0.000000 -0.100984 0.944635 0.312196 8.673000 -0.371739 -0.326898 0.868877 3.319300 0.000000 0.000000 0.000000 1.000000
0.913805 -0.026221 0.405305 0.000000 -0.100862 0.952004 0.288992 8.673000 -0.393429 -0.304962 0.867301 3.319300 0.000000 0.000000 0.000000 1.000000
0.897497 -0.006263 0.440977 0.000000 -0.114013 0.962613 0.245716 8.673000 -0.426029 -0.270807 0.863228 3.319300 0.000000 0.000000 0.000000 1.000000
0.878755 0.008983 0.477189 0.000000 -0.134278 0.964090 0.229129 8.673000 -0.457995 -0.265424 0.848405 3.319300 0.000000 0.000000 0.000000 1.000000
0.865601 0.016967 0.500447 0.000000 -0.152206 0.961051 0.230682 8.673000 -0.477042 -0.275849 0.834469 3.319300 0.000000 0.000000 0.000000 1.000000
0.861556 0.028210 0.506878 0.000000 -0.166837 0.958730 0.230220 8.673000 -0.479465 -0.282914 0.830706 3.319300 0.000000 0.000000 0.000000 1.000000
0.862994 0.037486 0.503821 0.000000 -0.171515 0.959755 0.222379 8.673000 -0.475209 -0.278325 0.834693 3.319300 0.000000 0.000000 0.000000 1.000000
0.867200 0.045380 0.495887 -0.000000 -0.176916 0.958947 0.221632 8.673000 -0.465472 -0.279930 0.839628 3.319300 0.000000 0.000000 0.000000 1.000000
0.875441 0.050191 0.480713 -0.000000 -0.175787 0.959543 0.219946 8.673000 -0.450225 -0.277052 0.848846 3.319300 0.000000 0.000000 0.000000 1.000000
0.890927 0.064453 0.449550 0.000000 -0.184033 0.956199 0.227628 8.673000 -0.415188 -0.285532 0.863765 3.319300 0.000000 0.000000 0.000000 1.000000
0.911433 0.078685 0.403854 0.000000 -0.198536 0.943820 0.264172 8.673000 -0.360380 -0.320954 0.875851 3.319300 0.000000 0.000000 0.000000 1.000000
0.931127 0.086536 0.354281 0.000000 -0.196132 0.937818 0.286409 8.673000 -0.307466 -0.336169 0.890200 3.319300 0.000000 0.000000 0.000000 1.000000
0.938858 0.094670 0.331034 0.000000 -0.190194 0.944050 0.269436 8.673000 -0.287006 -0.315923 0.904334 3.319300 0.000000 0.000000 0.000000 1.000000
0.949121 0.091709 0.301263 -0.000000 -0.172622 0.951635 0.254149 8.673000 -0.263385 -0.293223 0.919048 3.319300 0.000000 0.000000 0.000000 1.000000
0.966202 0.075783 0.246396 0.000000 -0.140456 0.956240 0.256666 8.673000 -0.216162 -0.282599 0.934565 3.319300 0.000000 0.000000 0.000000 1.000000
0.977192 0.061992 0.203110 -0.000000 -0.112938 0.961678 0.249841 8.673000 -0.179838 -0.267082 0.946745 3.319300 0.000000 0.000000 0.000000 1.000000
0.980100 0.050865 0.191878 0.000000 -0.094439 0.969695 0.225328 8.673000 -0.174602 -0.238965 0.955202 3.319300 0.000000 0.000000 0.000000 1.000000
0.978534 0.041738 0.201813 0.000000 -0.085866 0.972798 0.215155 8.673000 -0.187343 -0.227866 0.955500 3.319300 0.000000 0.000000 0.000000 1.000000
0.976395 0.033093 0.213440 -0.000000 -0.081774 0.971270 0.223492 8.673000 -0.199912 -0.235670 0.951049 3.319300 0.000000 0.000000 0.000000 1.000000
0.973996 0.020061 0.225675 -0.000000 -0.074642 0.968877 0.236020 8.673000 -0.213917 -0.246727 0.945180 3.319300 0.000000 0.000000 0.000000 1.000000
0.967311 0.007431 0.253484 -0.000000 -0.071170 0.967354 0.243232 8.673000 -0.243401 -0.253321 0.936261 3.319300 0.000000 0.000000 0.000000 1.000000
0.955172 -0.011958 0.295811 0.000000 -0.070503 0.961250 0.266511 8.673000 -0.287535 -0.275419 0.917315 3.319300 0.000000 0.000000 0.000000 1.000000
0.942346 -0.004159 0.334616 0.000000 -0.100719 0.950033 0.295453 8.673000 -0.319125 -0.312121 0.894841 3.319300 0.000000 0.000000 0.000000 1.000000
0.933421 -0.010717 0.358623 0.000000 -0.109902 0.942963 0.314233 8.673000 -0.341536 -0.332725 0.879003 3.319300 0.000000 0.000000 0.000000 1.000000
0.922803 -0.028349 0.384229 -0.000000 -0.101021 0.944591 0.312317 8.673000 -0.371793 -0.327022 0.868807 3.319300 0.000000 0.000000 0.000000 1.000000</float_array>
        <technique_common>
          <accessor source="#Head-Matrix-animation-output-transform-array" count="25" stride="16">
            <param type="float4x4"/>
          </accessor>
        </technique_common>
      </source>
      <source id="Head-Interpolations">
        <Name_array id="Head-Interpolations-array" count="25">
 LINEAR LINEAR LINEAR LINEAR LINEAR LINEAR LINEAR LINEAR LINEAR LINEAR LINEAR
LINEAR LINEAR LINEAR LINEAR LINEAR LINEAR LINEAR LINEAR LINEAR LINEAR LINEAR LINEAR
LINEAR LINEAR</Name_array>
        <technique_common>
          <accessor source="#Head-Interpolations-array" count="25">
            <param type="name"/>
          </accessor>
        </technique_common>
      </source>
      <sampler id="Head-Matrix-animation-transform">
        <input semantic="INPUT" source="#Head-Matrix-animation-input"/>
        <input semantic="OUTPUT" source="#Head-Matrix-animation-output-transform"/>
        <input semantic="INTERPOLATION" source="#Head-Interpolations"/>
      </sampler>
      <channel source="#Head-Matrix-animation-transform" target="Head/matrix"/>
      <source id="RightShoulder-Matrix-animation-input">
        <float_array id="RightShoulder-Matrix-animation-input-array" count="25">

0.000000 0.033333 0.066667 0.100000 0.133333 0.166667 0.200000 0.233333 0.266667 0.300000 0.333333 0.366667 0.400000 0.433333 0.466667 0.500000
0.533333 0.566667 0.600000 0.633333 0.666667 0.700000 0.733333 0.766667 0.800000</float_array>
        <technique_common>
          <accessor source="#RightShoulder-Matrix-animation-input-array" count="25">
            <param name="TIME" type="float"/>
          </accessor>
        </technique_common>
      </source>
      <source id="RightShoulder-Matrix-animation-output-transform">
        <float_array id="RightShoulder-Matrix-animation-output-transform-array" count="400">

0.984504 -0.173180 -0.027597 -6.576700 0.171574 0.983763 -0.052649 15.024500 0.036266 0.047098 0.998232 -2.119600 0.000000 0.000000 0.000000 1.000000
0.983894 -0.168374 -0.060020 -6.576700 0.165333 0.984840 -0.052494 15.024500 0.067949 0.041726 0.996816 -2.119600 0.000000 0.000000 0.000000 1.000000
0.983932 -0.155273 -0.088140 -6.576700 0.151257 0.987199 -0.050591 15.024500 0.094867 0.036446 0.994823 -2.119600 0.000000 0.000000 0.000000 1.000000
0.983180 -0.142535 -0.114195 -6.576700 0.137869 0.989296 -0.047810 15.024500 0.119788 0.031262 0.992307 -2.119600 0.000000 0.000000 0.000000 1.000000
0.983936 -0.133452 -0.118574 -6.576700 0.129083 0.990665 -0.043831 15.024500 0.123316 0.027821 0.991977 -2.119600 0.000000 0.000000 0.000000 1.000000
0.986413 -0.116715 -0.115620 -6.576700 0.112937 0.992847 -0.038724 15.024500 0.119313 0.025140 0.992538 -2.119600 0.000000 0.000000 0.000000 1.000000
0.988370 -0.102581 -0.112261 -6.576700 0.098928 0.994382 -0.037658 15.024500 0.115493 0.026114 0.992965 -2.119600 0.000000 0.000000 0.000000 1.000000
0.989644 -0.090023 -0.111808 -6.576700 0.085654 0.995384 -0.043292 15.024500 0.115189 0.033267 0.992786 -2.119600 0.000000 0.000000 0.000000 1.000000
0.990108 -0.081771 -0.114014 -6.576700 0.076038 0.995654 -0.053770 15.024500 0.117916 0.044569 0.992023 -2.119600 0.000000 0.000000 0.000000 1.000000
0.990558 -0.078789 -0.112189 -6.576700 0.071589 0.995193 -0.066827 15.024500 0.116915 0.058165 0.991437 -2.119600 0.000000 0.000000 0.000000 1.000000
0.990241 -0.096691 -0.100372 -6.576700 0.088878 0.992857 -0.079599 15.024500 0.107352 0.069901 0.991761 -2.119600 0.000000 0.000000 0.000000 1.000000
0.990919 -0.094882 -0.095278 -6.576700 0.086822 0.992552 -0.085457 15.024500 0.102676 0.076409 0.991776 -2.119600 0.000000 0.000000 0.000000 1.000000
0.992789 -0.098194 -0.068766 -6.576700 0.092180 0.992042 -0.085765 15.024500 0.076641 0.078808 0.993939 -2.119600 0.000000 0.000000 0.000000 1.000000
0.994453 -0.093483 -0.048205 -6.576700 0.089253 0.992504 -0.083483 15.024500 0.055648 0.078718 0.995343 -2.119600 0.000000 0.000000 0.000000 1.000000
0.995822 -0.081397 -0.041392 -6.576700 0.077896 0.993737 -0.080120 15.024500 0.047654 0.076561 0.995925 -2.119600 0.000000 0.000000 0.000000 1.000000
0.996331 -0.075645 -0.040038 -6.576700 0.072415 0.994417 -0.076756 15.024500 0.045621 0.073575 0.996246 -2.119600 0.000000 0.000000 0.000000 1.000000
0.996266 -0.079677 -0.033264 -6.576700 0.077082 0.994341 -0.073107 15.024500 0.038901 0.070270 0.996769 -2.119600 0.000000 0.000000 0.000000 1.000000
0.994654 -0.101106 -0.021000 -6.576700 0.099420 0.992588 -0.069890 15.024500 0.027911 0.067428 0.997334 -2.119600 0.000000 0.000000 0.000000 1.000000
0.992677 -0.120314 -0.010816 -6.576700 0.119356 0.990678 -0.065658 15.024500 0.018615 0.063887 0.997784 -2.119600 0.000000 0.000000 0.000000 1.000000
0.990652 -0.136340 -0.004514 -6.576700 0.135807 0.988817 -0.061629 15.024500 0.012866 0.060440 0.998089 -2.119600 0.000000 0.000000 0.000000 1.000000
0.988508 -0.151168 -0.000796 -6.576700 0.150863 0.986822 -0.058498 15.024500 0.009629 0.057706 0.998287 -2.119600 0.000000 0.000000 0.000000 1.000000
0.983827 -0.179065 0.004581 -6.576700 0.179034 0.982210 -0.056664 15.024500 0.005647 0.056567 0.998383 -2.119600 0.000000 0.000000 0.000000 1.000000
0.983902 -0.178707 0.000184 -6.576700 0.178453 0.982448 -0.054326 15.024500 0.009528 0.053484 0.998523 -2.119600 0.000000 0.000000 0.000000 1.000000
0.985103 -0.171448 -0.013364 -6.576700 0.170525 0.983930 -0.052937 15.024500 0.022225 0.049869 0.998508 -2.119600 0.000000 0.000000 0.000000 1.000000
0.984504 -0.173180 -0.027597 -6.576700 0.171574 0.983763 -0.052649 15.024500 0.036266 0.047098 0.998232 -2.119600 0.000000 0.000000 0.000000 1.000000</float_array>
        <technique_common>
          <accessor source="#RightShoulder-Matrix-animation-output-transform-array" count="25" stride="16">
            <param type="float4x4"/>
          </accessor>
        </technique_common>
      </source>
      <source id="RightShoulder-Interpolations">
        <Name_array id="RightShoulder-Interpolations-array" count="25">
 LINEAR LINEAR LINEAR LINEAR LINEAR LINEAR LINEAR LINEAR LINEAR LINEAR LINEAR
LINEAR LINEAR LINEAR LINEAR LINEAR LINEAR LINEAR LINEAR LINEAR LINEAR LINEAR LINEAR
LINEAR LINEAR</Name_array>
        <technique_common>
          <accessor source="#RightShoulder-Interpolations-array" count="25">
            <param type="name"/>
          </accessor>
        </technique_common>
      </source>
      <sampler id="RightShoulder-Matrix-animation-transform">
        <input semantic="INPUT" source="#RightShoulder-Matrix-animation-input"/>
        <input semantic="OUTPUT" source="#RightShoulder-Matrix-animation-output-transform"/>
        <input semantic="INTERPOLATION" source="#RightShoulder-Interpolations"/>
      </sampler>
      <channel source="#RightShoulder-Matrix-animation-transform" target="RightShoulder/matrix"/>
      <source id="RightArm-Matrix-animation-input">
        <float_array id="RightArm-Matrix-animation-input-array" count="25">

0.000000 0.033333 0.066667 0.100000 0.133333 0.166667 0.200000 0.233333 0.266667 0.300000 0.333333 0.366667 0.400000 0.433333 0.466667 0.500000
0.533333 0.566667 0.600000 0.633333 0.666667 0.700000 0.733333 0.766667 0.800000</float_array>
        <technique_common>
