<?xml version="1.0" encoding="utf-8"?>
<COLLADA xmlns="http://www.collada.org/2005/11/COLLADASchema" version="1.4.1">
  <asset>
    <contributor>
      <author>Mixamo</author>
      <authoring_tool>COLLADA Mixamo exporter</authoring_tool>
      <comments/>
    </contributor>
    <created>2021-07-11T18:49:38Z</created>
    <modified>2021-07-11T18:49:38Z</modified>
    <revision/>
    <title/>
    <unit meter="0.010000"/>
    <up_axis>Y_UP</up_axis>
  </asset>
  <library_animations>
    <animation>
      <source id="Hips-Matrix-animation-input">
        <float_array id="Hips-Matrix-animation-input-array" count="38">

0.000000 0.033333 0.066667 0.100000 0.133333 0.166667 0.200000 0.233333 0.266667 0.300000 0.333333 0.366667 0.400000 0.433333 0.466667 0.500000
0.533333 0.566667 0.600000 0.633333 0.666667 0.700000 0.733333 0.766667 0.800000 0.833333 0.866667 0.900000 0.933333 0.966667 1.000000 1.033333
1.066667 1.100000 1.133333 1.166667 1.200000 1.233333</float_array>
        <technique_common>
          <accessor source="#Hips-Matrix-animation-input-array" count="38">
            <param name="TIME" type="float"/>
          </accessor>
        </technique_common>
      </source>
      <source id="Hips-Matrix-animation-output-transform">
        <float_array id="Hips-Matrix-animation-output-transform-array" count="608">

0.982735 0.051208 -0.177790 2.155818 -0.105643 0.944194 -0.311991 90.192070 0.151892 0.325386 0.933302 2.707930 0.000000 0.000000 0.000000 1.000000
0.972911 0.122306 -0.196177 3.361124 -0.195035 0.889844 -0.412479 87.643433 0.124119 0.439567 0.889593 4.311467 0.000000 0.000000 0.000000 1.000000
0.963517 0.193715 -0.184688 3.617601 -0.263044 0.812803 -0.519768 82.359467 0.049428 0.549387 0.834105 7.570687 0.000000 0.000000 0.000000 1.000000
0.955184 0.251078 -0.156790 3.701632 -0.292353 0.717157 -0.632626 75.811905 -0.046396 0.650113 0.758420 9.933390 0.000000 0.000000 0.000000 1.000000
0.947278 0.291309 -0.133428 3.625329 -0.290628 0.605850 -0.740595 70.752876 -0.134905 0.740327 0.658571 11.749075 0.000000 0.000000 0.000000 1.000000
0.941418 0.313615 -0.124008 3.161857 -0.269806 0.479792 -0.834868 67.702400 -0.202329 0.819418 0.536300 14.874018 0.000000 0.000000 0.000000 1.000000
0.932120 0.334099 -0.139753 2.717932 -0.256838 0.337796 -0.905499 67.085403 -0.255318 0.879927 0.400676 18.417166 0.000000 0.000000 0.000000 1.000000
0.913961 0.358700 -0.189762 2.993172 -0.268558 0.184081 -0.945511 67.973297 -0.304224 0.915122 0.264574 21.082582 0.000000 0.000000 0.000000 1.000000
0.897526 0.375759 -0.230765 3.627037 -0.264277 0.039445 -0.963640 69.700165 -0.352994 0.925878 0.134707 25.245804 0.000000 0.000000 0.000000 1.000000
0.910000 0.372107 -0.182855 4.341069 -0.160303 -0.090959 -0.982868 71.497192 -0.382365 0.923722 -0.023123 31.088364 0.000000 0.000000 0.000000 1.000000
0.924599 0.367651 -0.099749 5.237647 -0.029429 -0.192129 -0.980928 71.672844 -0.379804 0.909901 -0.166823 36.491196 0.000000 0.000000 0.000000 1.000000
0.927474 0.373722 0.011170 5.598070 0.118781 -0.266192 -0.956574 70.858047 -0.354519 0.888524 -0.291277 40.834599 0.000000 0.000000 0.000000 1.000000
0.910797 0.390362 0.134415 5.570551 0.271641 -0.321441 -0.907131 69.716469 -0.310903 0.862725 -0.398806 44.302200 0.000000 0.000000 0.000000 1.000000
0.872586 0.419216 0.250704 5.444322 0.416074 -0.369033 -0.831082 68.319672 -0.255885 0.829501 -0.496438 47.663502 0.000000 0.000000 0.000000 1.000000
0.815267 0.458274 0.354013 5.187869 0.549477 -0.419219 -0.722724 67.084831 -0.182797 0.783735 -0.593587 51.684692 0.000000 0.000000 0.000000 1.000000
0.742571 0.500614 0.444943 3.985654 0.666613 -0.488015 -0.563443 65.762604 -0.064929 0.715001 -0.696102 58.004242 0.000000 0.000000 0.000000 1.000000
0.672177 0.519800 0.527244 2.495639 0.731961 -0.573689 -0.367579 63.557617 0.111406 0.633000 -0.766094 66.182602 0.000000 0.000000 0.000000 1.000000
0.601080 0.536295 0.592529 0.064101 0.736908 -0.658865 -0.151208 57.850719 0.309304 0.527527 -0.791231 74.143890 0.000000 0.000000 0.000000 1.000000
0.542176 0.549968 0.635280 -1.816302 0.645000 -0.756958 0.104835 49.581100 0.538536 0.352916 -0.765134 78.825172 0.000000 0.000000 0.000000 1.000000
0.487510 0.574673 0.657332 -3.489367 0.418892 -0.814497 0.401403 40.565205 0.766070 0.079663 -0.637801 81.040222 0.000000 0.000000 0.000000 1.000000
0.444804 0.603747 0.661543 -4.903619 0.064004 -0.758175 0.648902 29.791479 0.893338 -0.246293 -0.375882 81.660828 0.000000 0.000000 0.000000 1.000000
0.426085 0.628987 0.650251 -6.123079 -0.305404 -0.576563 0.757828 20.855522 0.851575 -0.521489 -0.053571 80.731888 0.000000 0.000000 0.000000 1.000000
0.428474 0.633126 0.644641 -7.755651 -0.611103 -0.322467 0.722889 12.978670 0.665555 -0.703681 0.248736 76.911041 0.000000 0.000000 0.000000 1.000000
0.450139 0.593878 0.666846 -9.402062 -0.805483 -0.052306 0.590306 11.789432 0.385449 -0.802853 0.454814 71.421906 0.000000 0.000000 0.000000 1.000000
0.466930 0.512982 0.720295 -10.795967 -0.883479 0.235658 0.404882 14.856401 0.037954 -0.825418 0.563245 63.387447 0.000000 0.000000 0.000000 1.000000
0.449133 0.427741 0.784421 -11.522536 -0.836221 0.510445 0.200449 18.049751 -0.314663 -0.745978 0.586944 54.422016 0.000000 0.000000 0.000000 1.000000
0.396645 0.363870 0.842776 -11.622889 -0.690773 0.722956 0.012969 20.667942 -0.604571 -0.587310 0.538109 46.545364 0.000000 0.000000 0.000000 1.000000
0.342921 0.319964 0.883192 -11.804339 -0.513924 0.850917 -0.108728 22.775883 -0.786312 -0.416608 0.456235 41.021870 0.000000 0.000000 0.000000 1.000000
0.320528 0.280311 0.904814 -12.388302 -0.366624 0.917475 -0.154358 26.062025 -0.873412 -0.282250 0.396845 37.626953 0.000000 0.000000 0.000000 1.000000
0.343286 0.246134 0.906406 -13.416201 -0.272813 0.949575 -0.154534 32.307514 -0.898737 -0.194230 0.393124 34.174412 0.000000 0.000000 0.000000 1.000000
0.401436 0.216637 0.889897 -13.571022 -0.202935 0.968512 -0.144231 40.416840 -0.893122 -0.122692 0.432759 29.651413 0.000000 0.000000 0.000000 1.000000
0.501063 0.190833 0.844108 -12.584808 -0.143297 0.980215 -0.136543 49.083900 -0.853465 -0.052542 0.518495 25.119947 0.000000 0.000000 0.000000 1.000000
0.622193 0.167915 0.764644 -11.432479 -0.091674 0.985634 -0.141849 57.178764 -0.777478 0.018160 0.628648 21.187548 0.000000 0.000000 0.000000 1.000000
0.758223 0.150694 0.634341 -9.621557 -0.057406 0.984575 -0.165278 64.625153 -0.649463 0.088902 0.755178 17.383097 0.000000 0.000000 0.000000 1.000000
0.891819 0.131930 0.432728 -6.543779 -0.045286 0.977762 -0.204770 71.720367 -0.450121 0.163022 0.877961 13.701262 0.000000 0.000000 0.000000 1.000000
0.976689 0.105490 0.186948 -3.049355 -0.057059 0.967168 -0.247650 78.984253 -0.206935 0.231210 0.950642 10.124327 0.000000 0.000000 0.000000 1.000000
0.995662 0.072495 -0.058324 0.485289 -0.086343 0.953476 -0.288840 86.142677 0.034671 0.292622 0.955599 6.493452 0.000000 0.000000 0.000000 1.000000
0.964806 0.030279 -0.261215 3.570837 -0.118850 0.936314 -0.330441 93.572800 0.234574 0.349857 0.906959 2.986689 0.000000 0.000000 0.000000 1.000000</float_array>
        <technique_common>
          <accessor source="#Hips-Matrix-animation-output-transform-array" count="38" stride="16">
            <param type="float4x4"/>
          </accessor>
        </technique_common>
      </source>
      <source id="Hips-Interpolations">
        <Name_array id="Hips-Interpolations-array" count="38">
 LINEAR LINEAR LINEAR LINEAR LINEAR LINEAR LINEAR LINEAR LINEAR LINEAR LINEAR
LINEAR LINEAR LINEAR LINEAR LINEAR LINEAR LINEAR LINEAR LINEAR LINEAR LINEAR LINEAR
LINEAR LINEAR LINEAR LINEAR LINEAR LINEAR LINEAR LINEAR LINEAR LINEAR LINEAR LINEAR
LINEAR LINEAR LINEAR</Name_array>
        <technique_common>
          <accessor source="#Hips-Interpolations-array" count="38">
            <param type="name"/>
          </accessor>
        </technique_common>
      </source>
      <sampler id="Hips-Matrix-animation-transform">
        <input semantic="INPUT" source="#Hips-Matrix-animation-input"/>
        <input semantic="OUTPUT" source="#Hips-Matrix-animation-output-transform"/>
        <input semantic="INTERPOLATION" source="#Hips-Interpolations"/>
      </sampler>
      <channel source="#Hips-Matrix-animation-transform" target="Hips/matrix"/>
      <source id="Spine-Matrix-animation-input">
        <float_array id="Spine-Matrix-animation-input-array" count="38">

0.000000 0.033333 0.066667 0.100000 0.133333 0.166667 0.200000 0.233333 0.266667 0.300000 0.333333 0.366667 0.400000 0.433333 0.466667 0.500000
0.533333 0.566667 0.600000 0.633333 0.666667 0.700000 0.733333 0.766667 0.800000 0.833333 0.866667 0.900000 0.933333 0.966667 1.000000 1.033333
1.066667 1.100000 1.133333 1.166667 1.200000 1.233333</float_array>
        <technique_common>
          <accessor source="#Spine-Matrix-animation-input-array" count="38">
            <param name="TIME" type="float"/>
          </accessor>
        </technique_common>
      </source>
      <source id="Spine-Matrix-animation-output-transform">
        <float_array id="Spine-Matrix-animation-output-transform-array" count="608">

0.994614 -0.080533 0.065246 0.000000 0.087217 0.990419 -0.107070 5.245300 -0.055998 0.112184 0.992108 0.258800 0.000000 0.000000 0.000000 1.000000
0.997113 -0.059511 0.047159 -0.000000 0.063817 0.993353 -0.095795 5.245300 -0.041145 0.098528 0.994283 0.258800 0.000000 0.000000 0.000000 1.000000
0.998600 -0.047177 0.023922 0.000000 0.049026 0.995284 -0.083707 5.245300 -0.019860 0.084763 0.996203 0.258800 0.000000 0.000000 0.000000 1.000000
0.999381 -0.035002 -0.003473 -0.000000 0.034652 0.996683 -0.073634 5.245300 0.006039 0.073468 0.997279 0.258800 0.000000 0.000000 0.000000 1.000000
0.999267 -0.023166 -0.030462 0.000000 0.021168 0.997703 -0.064350 5.245300 0.031883 0.063658 0.997462 0.258800 0.000000 0.000000 0.000000 1.000000
0.998362 -0.009739 -0.056371 0.000000 0.006805 0.998624 -0.052003 5.245300 0.056800 0.051534 0.997055 0.258800 0.000000 0.000000 0.000000 1.000000
0.997284 -0.004247 -0.073530 0.000000 0.001628 0.999363 -0.035645 5.245300 0.073634 0.035428 0.996656 0.258800 0.000000 0.000000 0.000000 1.000000
0.997650 -0.009798 -0.067808 0.000000 0.008516 0.999780 -0.019173 5.245300 0.067981 0.018551 0.997514 0.258800 0.000000 0.000000 0.000000 1.000000
0.998652 -0.011124 -0.050709 0.000000 0.010835 0.999923 -0.005984 5.245300 0.050772 0.005427 0.998696 0.258800 0.000000 0.000000 0.000000 1.000000
0.999279 -0.014619 -0.035039 0.000000 0.014687 0.999891 0.001710 5.245300 0.035010 -0.002224 0.999384 0.258800 0.000000 0.000000 0.000000 1.000000
0.999519 -0.024616 -0.018851 0.000000 0.024691 0.999688 0.003746 5.245300 0.018753 -0.004209 0.999815 0.258800 0.000000 0.000000 0.000000 1.000000
0.999498 -0.027144 -0.016315 0.000000 0.027141 0.999632 -0.000382 5.245300 0.016320 -0.000061 0.999867 0.258800 0.000000 0.000000 0.000000 1.000000
0.999351 -0.026835 -0.024048 -0.000000 0.026674 0.999620 -0.006964 5.245300 0.024226 0.006318 0.999687 0.258800 0.000000 0.000000 0.000000 1.000000
0.998977 -0.032965 -0.030946 -0.000000 0.032643 0.999408 -0.010844 5.245300 0.031286 0.009823 0.999462 0.258800 0.000000 0.000000 0.000000 1.000000
0.998366 -0.043971 -0.036497 0.000000 0.043469 0.998950 -0.014435 5.245300 0.037093 0.012825 0.999230 0.258800 0.000000 0.000000 0.000000 1.000000
0.998037 -0.043546 -0.045003 0.000000 0.042535 0.998826 -0.023195 5.245300 0.045960 0.021236 0.998718 0.258800 0.000000 0.000000 0.000000 1.000000
0.998734 -0.022277 -0.045107 0.000000 0.020509 0.999017 -0.039290 5.245300 0.045938 0.038315 0.998209 0.258800 0.000000 0.000000 0.000000 1.000000
0.999520 -0.001083 -0.030970 0.000000 -0.000828 0.998098 -0.061635 5.245300 0.030978 0.061631 0.997618 0.258800 0.000000 0.000000 0.000000 1.000000
0.999861 0.009076 -0.013979 0.000000 -0.010272 0.996064 -0.088045 5.245300 0.013125 0.088176 0.996018 0.258800 0.000000 0.000000 0.000000 1.000000
0.999923 0.008184 -0.009331 0.000000 -0.009239 0.992822 -0.119247 5.245300 0.008289 0.119324 0.992821 0.258800 0.000000 0.000000 0.000000 1.000000
0.999579 0.003145 -0.028833 -0.000000 -0.007391 0.988904 -0.148374 5.245300 0.028047 0.148524 0.988511 0.258800 0.000000 0.000000 0.000000 1.000000
0.998572 -0.012066 -0.052033 0.000000 0.003580 0.987081 -0.160183 5.245300 0.053293 0.159768 0.985715 0.258800 0.000000 0.000000 0.000000 1.000000
0.997217 -0.034901 -0.065880 0.000000 0.024361 0.987692 -0.154501 5.245300 0.070461 0.152466 0.985794 0.258800 0.000000 0.000000 0.000000 1.000000
0.996213 -0.055085 -0.067273 0.000000 0.045004 0.988683 -0.143111 5.245300 0.074395 0.139541 0.987418 0.258800 0.000000 0.000000 0.000000 1.000000
0.996147 -0.060082 -0.063879 -0.000000 0.051224 0.989892 -0.132252 5.245300 0.071179 0.128471 0.989156 0.258800 0.000000 0.000000 0.000000 1.000000
0.996664 -0.054685 -0.060588 -0.000000 0.046676 0.990866 -0.126518 5.245300 0.066953 0.123268 0.990112 0.258800 0.000000 0.000000 0.000000 1.000000
0.996555 -0.056807 -0.060431 -0.000000 0.048800 0.990753 -0.126598 5.245300 0.067064 0.123213 0.990112 0.258800 0.000000 0.000000 0.000000 1.000000
0.996090 -0.060651 -0.064238 0.000000 0.051963 0.990254 -0.129214 5.245300 0.071449 0.125371 0.989534 0.258800 0.000000 0.000000 0.000000 1.000000
0.995275 -0.065927 -0.071284 0.000000 0.055938 0.989397 -0.134030 5.245300 0.079365 0.129410 0.988410 0.258800 0.000000 0.000000 0.000000 1.000000
0.993529 -0.085200 -0.075106 0.000000 0.073998 0.987234 -0.141042 5.245300 0.086164 0.134572 0.987151 0.258800 0.000000 0.000000 0.000000 1.000000
0.991310 -0.104206 -0.080280 0.000000 0.091525 0.984736 -0.148049 5.245300 0.094482 0.139415 0.985716 0.258800 0.000000 0.000000 0.000000 1.000000
0.990184 -0.114918 -0.079553 0.000000 0.101751 0.982913 -0.153393 5.245300 0.095822 0.143793 0.984958 0.258800 0.000000 0.000000 0.000000 1.000000
0.989705 -0.125645 -0.068537 0.000000 0.113691 0.981068 -0.156782 5.245300 0.086938 0.147376 0.985252 0.258800 0.000000 0.000000 0.000000 1.000000
0.989897 -0.133671 -0.047276 -0.000000 0.124973 0.980077 -0.154369 5.245300 0.066969 0.146902 0.986882 0.258800 0.000000 0.000000 0.000000 1.000000
0.991878 -0.125772 -0.018957 0.000000 0.121836 0.982290 -0.142343 5.245300 0.036524 0.138878 0.989636 0.258800 0.000000 0.000000 0.000000 1.000000
0.994069 -0.108148 0.011441 0.000000 0.108721 0.985825 -0.127783 5.245300 0.002540 0.128269 0.991736 0.258800 0.000000 0.000000 0.000000 1.000000
0.994973 -0.089516 0.044898 0.000000 0.094130 0.988990 -0.114182 5.245300 -0.034183 0.117834 0.992445 0.258800 0.000000 0.000000 0.000000 1.000000
0.994185 -0.072642 0.079491 0.000000 0.080587 0.991537 -0.101788 5.245300 -0.071424 0.107602 0.991625 0.258800 0.000000 0.000000 0.000000 1.000000</float_array>
        <technique_common>
          <accessor source="#Spine-Matrix-animation-output-transform-array" count="38" stride="16">
            <param type="float4x4"/>
          </accessor>
        </technique_common>
      </source>
      <source id="Spine-Interpolations">
        <Name_array id="Spine-Interpolations-array" count="38">
 LINEAR LINEAR LINEAR LINEAR LINEAR LINEAR LINEAR LINEAR LINEAR LINEAR LINEAR
LINEAR LINEAR LINEAR LINEAR LINEAR LINEAR LINEAR LINEAR LINEAR LINEAR LINEAR LINEAR
LINEAR LINEAR LINEAR LINEAR LINEAR LINEAR LINEAR LINEAR LINEAR LINEAR LINEAR LINEAR
LINEAR LINEAR LINEAR</Name_array>
        <technique_common>
          <accessor source="#Spine-Interpolations-array" count="38">
            <param type="name"/>
          </accessor>
        </technique_common>
      </source>
      <sampler id="Spine-Matrix-animation-transform">
        <input semantic="INPUT" source="#Spine-Matrix-animation-input"/>
        <input semantic="OUTPUT" source="#Spine-Matrix-animation-output-transform"/>
        <input semantic="INTERPOLATION" source="#Spine-Interpolations"/>
      </sampler>
      <channel source="#Spine-Matrix-animation-transform" target="Spine/matrix"/>
      <source id="Spine1-Matrix-animation-input">
        <float_array id="Spine1-Matrix-animation-input-array" count="38">

0.000000 0.033333 0.066667 0.100000 0.133333 0.166667 0.200000 0.233333 0.266667 0.300000 0.333333 0.366667 0.400000 0.433333 0.466667 0.500000
0.533333 0.566667 0.600000 0.633333 0.666667 0.700000 0.733333 0.766667 0.800000 0.833333 0.866667 0.900000 0.933333 0.966667 1.000000 1.033333
1.066667 1.100000 1.133333 1.166667 1.200000 1.233333</float_array>
        <technique_common>
          <accessor source="#Spine1-Matrix-animation-input-array" count="38">
            <param name="TIME" type="float"/>
          </accessor>
        </technique_common>
      </source>
      <source id="Spine1-Matrix-animation-output-transform">
        <float_array id="Spine1-Matrix-animation-output-transform-array" count="608">

0.989878 -0.077698 0.118766 -0.031400 0.101986 0.971378 -0.214531 11.044900 -0.098698 0.224472 0.969470 -0.697600 0.000000 0.000000 0.000000 1.000000
0.995113 -0.060871 0.077754 -0.031400 0.074832 0.978620 -0.191582 11.044900 -0.064430 0.196464 0.978392 -0.697600 0.000000 0.000000 0.000000 1.000000
0.998941 -0.035674 0.029040 -0.031400 0.040051 0.985033 -0.167649 11.044900 -0.022625 0.168635 0.985419 -0.697600 0.000000 0.000000 0.000000 1.000000
0.999535 -0.021916 -0.021196 -0.031400 0.018576 0.989019 -0.146618 11.044900 0.024177 0.146157 0.988966 -0.697600 0.000000 0.000000 0.000000 1.000000
0.997387 -0.027546 -0.066789 -0.031400 0.018810 0.991587 -0.128071 11.044900 0.069755 0.126480 0.989514 -0.697600 0.000000 0.000000 0.000000 1.000000
0.994124 -0.038101 -0.101322 -0.031400 0.027350 0.994048 -0.105452 11.044900 0.104736 0.102061 0.989249 -0.697600 0.000000 0.000000 0.000000 1.000000
0.992275 -0.036756 -0.118486 -0.031400 0.028103 0.996870 -0.073895 11.044900 0.120832 0.069994 0.990202 -0.697600 0.000000 0.000000 0.000000 1.000000
0.993256 -0.025542 -0.113091 -0.031400 0.021217 0.999003 -0.039280 11.044900 0.113981 0.036616 0.992808 -0.697600 0.000000 0.000000 0.000000 1.000000
0.995196 -0.013900 -0.096914 -0.031400 0.012811 0.999848 -0.011851 11.044900 0.097064 0.010553 0.995222 -0.697600 0.000000 0.000000 0.000000 1.000000
0.996093 -0.006973 -0.088031 -0.031400 0.007366 0.999964 0.004136 11.044900 0.087999 -0.004769 0.996109 -0.697600 0.000000 0.000000 0.000000 1.000000
0.996193 -0.006613 -0.086923 -0.031400 0.007392 0.999935 0.008651 11.044900 0.086861 -0.009260 0.996177 -0.697600 0.000000 0.000000 0.000000 1.000000
0.995578 -0.008254 -0.093578 -0.031400 0.008336 0.999965 0.000491 11.044900 0.093570 -0.001269 0.995612 -0.697600 0.000000 0.000000 0.000000 1.000000
0.993797 -0.011633 -0.110600 -0.031400 0.010311 0.999868 -0.012521 11.044900 0.110731 0.011303 0.993786 -0.697600 0.000000 0.000000 0.000000 1.000000
0.990310 -0.019204 -0.137537 -0.031400 0.016625 0.999664 -0.019876 11.044900 0.137872 0.017397 0.990297 -0.697600 0.000000 0.000000 0.000000 1.000000
0.985876 -0.027282 -0.165242 -0.031400 0.023279 0.999388 -0.026114 11.044900 0.165853 0.021899 0.985907 -0.697600 0.000000 0.000000 0.000000 1.000000
0.983801 -0.024710 -0.177551 -0.031400 0.017374 0.998935 -0.042751 11.044900 0.178418 0.038974 0.983183 -0.697600 0.000000 0.000000 0.000000 1.000000
0.986304 -0.004235 -0.164881 -0.031400 -0.008296 0.997131 -0.075241 11.044900 0.164727 0.075578 0.983439 -0.697600 0.000000 0.000000 0.000000 1.000000
0.990703 0.024329 -0.133852 -0.031400 -0.040571 0.991947 -0.119984 11.044900 0.129855 0.124299 0.983711 -0.697600 0.000000 0.000000 0.000000 1.000000
0.994525 0.037747 -0.097440 -0.031400 -0.054291 0.983395 -0.173169 11.044900 0.089285 0.177511 0.980060 -0.697600 0.000000 0.000000 0.000000 1.000000
0.997624 0.025899 -0.063848 -0.031400 -0.040297 0.970972 -0.235775 11.044900 0.055888 0.237788 0.969708 -0.697600 0.000000 0.000000 0.000000 1.000000
0.998965 -0.003526 -0.045358 -0.031400 -0.009955 0.955892 -0.293549 11.044900 0.044392 0.293697 0.954867 -0.697600 0.000000 0.000000 0.000000 1.000000
0.997498 -0.046360 -0.053365 -0.031400 0.027062 0.947845 -0.317581 11.044900 0.065305 0.315342 0.946728 -0.697600 0.000000 0.000000 0.000000 1.000000
0.992521 -0.101118 -0.068385 -0.031400 0.075365 0.948283 -0.308350 11.044900 0.096028 0.300891 0.948812 -0.697600 0.000000 0.000000 0.000000 1.000000
0.986488 -0.148612 -0.068959 -0.031400 0.122982 0.949817 -0.287617 11.044900 0.108242 0.275250 0.955260 -0.697600 0.000000 0.000000 0.000000 1.000000
0.984478 -0.162602 -0.066053 -0.031400 0.139599 0.953586 -0.266807 11.044900 0.106370 0.253445 0.961484 -0.697600 0.000000 0.000000 0.000000 1.000000
0.985683 -0.151744 -0.073496 -0.031400 0.128460 0.958218 -0.255569 11.044900 0.109207 0.242469 0.963993 -0.697600 0.000000 0.000000 0.000000 1.000000
0.985631 -0.147736 -0.081886 -0.031400 0.122526 0.959027 -0.255448 11.044900 0.116269 0.241745 0.963349 -0.697600 0.000000 0.000000 0.000000 1.000000
0.984874 -0.147786 -0.090454 -0.031400 0.119839 0.958027 -0.260429 11.044900 0.125145 0.245650 0.961247 -0.697600 0.000000 0.000000 0.000000 1.000000
0.982880 -0.156353 -0.097471 -0.031400 0.125066 0.954647 -0.270201 11.044900 0.135297 0.253385 0.957857 -0.697600 0.000000 0.000000 0.000000 1.000000
0.979634 -0.172804 -0.102249 -0.031400 0.137892 0.949160 -0.282985 11.044900 0.145952 0.263122 0.953658 -0.697600 0.000000 0.000000 0.000000 1.000000
0.975711 -0.192548 -0.104468 -0.031400 0.154344 0.942663 -0.295914 11.044900 0.155456 0.272602 0.949485 -0.697600 0.000000 0.000000 0.000000 1.000000
0.971625 -0.212973 -0.102897 -0.031400 0.172700 0.936034 -0.306618 11.044900 0.161617 0.280147 0.946255 -0.697600 0.000000 0.000000 0.000000 1.000000
0.968406 -0.230163 -0.095989 -0.031400 0.190129 0.930516 -0.313035 11.044900 0.161369 0.284895 0.944878 -0.697600 0.000000 0.000000 0.000000 1.000000
0.969821 -0.232096 -0.074686 -0.031400 0.199058 0.930610 -0.307151 11.044900 0.140792 0.283015 0.948726 -0.697600 0.000000 0.000000 0.000000 1.000000
0.978137 -0.205558 -0.031539 -0.031400 0.188566 0.940598 -0.282343 11.044900 0.087703 0.270223 0.958795 -0.697600 0.000000 0.000000 0.000000 1.000000
0.986597 -0.161504 0.023292 -0.031400 0.162107 0.953795 -0.252974 11.044900 0.018641 0.253360 0.967193 -0.697600 0.000000 0.000000 0.000000 1.000000
0.990479 -0.108276 0.085011 -0.031400 0.125060 0.965853 -0.226912 11.044900 -0.057539 0.235383 0.970198 -0.697600 0.000000 0.000000 0.000000 1.000000
0.988016 -0.053768 0.144684 -0.031400 0.083195 0.975058 -0.205768 11.044900 -0.130011 0.215339 0.967846 -0.697600 0.000000 0.000000 0.000000 1.000000</float_array>
        <technique_common>
          <accessor source="#Spine1-Matrix-animation-output-transform-array" count="38" stride="16">
            <param type="float4x4"/>
          </accessor>
        </technique_common>
      </source>
      <source id="Spine1-Interpolations">
        <Name_array id="Spine1-Interpolations-array" count="38">
 LINEAR LINEAR LINEAR LINEAR LINEAR LINEAR LINEAR LINEAR LINEAR LINEAR LINEAR
LINEAR LINEAR LINEAR LINEAR LINEAR LINEAR LINEAR LINEAR LINEAR LINEAR LINEAR LINEAR
LINEAR LINEAR LINEAR LINEAR LINEAR LINEAR LINEAR LINEAR LINEAR LINEAR LINEAR LINEAR
LINEAR LINEAR LINEAR</Name_array>
        <technique_common>
          <accessor source="#Spine1-Interpolations-array" count="38">
            <param type="name"/>
          </accessor>
        </technique_common>
      </source>
      <sampler id="Spine1-Matrix-animation-transform">
        <input semantic="INPUT" source="#Spine1-Matrix-animation-input"/>
        <input semantic="OUTPUT" source="#Spine1-Matrix-animation-output-transform"/>
        <input semantic="INTERPOLATION" source="#Spine1-Interpolations"/>
      </sampler>
      <channel source="#Spine1-Matrix-animation-transform" target="Spine1/matrix"/>
      <source id="Spine2-Matrix-animation-input">
        <float_array id="Spine2-Matrix-animation-input-array" count="38">

0.000000 0.033333 0.066667 0.100000 0.133333 0.166667 0.200000 0.233333 0.266667 0.300000 0.333333 0.366667 0.400000 0.433333 0.466667 0.500000
0.533333 0.566667 0.600000 0.633333 0.666667 0.700000 0.733333 0.766667 0.800000 0.833333 0.866667 0.900000 0.933333 0.966667 1.000000 1.033333
1.066667 1.100000 1.133333 1.166667 1.200000 1.233333</float_array>
        <technique_common>
          <accessor source="#Spine2-Matrix-animation-input-array" count="38">
            <param name="TIME" type="float"/>
          </accessor>
        </technique_common>
      </source>
      <source id="Spine2-Matrix-animation-output-transform">
        <float_array id="Spine2-Matrix-animation-output-transform-array" count="608">

0.989878 -0.077698 0.118766 -0.035900 0.101986 0.971378 -0.214531 8.068900 -0.098698 0.224472 0.969470 -1.087700 0.000000 0.000000 0.000000 1.000000
0.995113 -0.060872 0.077754 -0.035900 0.074832 0.978620 -0.191582 8.068900 -0.064430 0.196464 0.978392 -1.087700 0.000000 0.000000 0.000000 1.000000
0.998941 -0.035674 0.029040 -0.035900 0.040051 0.985033 -0.167649 8.068900 -0.022625 0.168634 0.985419 -1.087700 0.000000 0.000000 0.000000 1.000000
0.999535 -0.021916 -0.021196 -0.035900 0.018576 0.989019 -0.146618 8.068900 0.024177 0.146156 0.988966 -1.087700 0.000000 0.000000 0.000000 1.000000
0.997387 -0.027546 -0.066789 -0.035900 0.018810 0.991587 -0.128070 8.068900 0.069755 0.126479 0.989514 -1.087700 0.000000 0.000000 0.000000 1.000000
0.994124 -0.038101 -0.101321 -0.035900 0.027350 0.994048 -0.105451 8.068900 0.104736 0.102060 0.989249 -1.087700 0.000000 0.000000 0.000000 1.000000
0.992275 -0.036756 -0.118487 -0.035900 0.028103 0.996870 -0.073895 8.068900 0.120832 0.069994 0.990202 -1.087700 0.000000 0.000000 0.000000 1.000000
0.993256 -0.025542 -0.113091 -0.035900 0.021217 0.999003 -0.039280 8.068900 0.113981 0.036616 0.992808 -1.087700 0.000000 0.000000 0.000000 1.000000
0.995196 -0.013900 -0.096915 -0.035900 0.012811 0.999848 -0.011851 8.068900 0.097065 0.010553 0.995222 -1.087700 0.000000 0.000000 0.000000 1.000000
0.996093 -0.006973 -0.088031 -0.035900 0.007366 0.999964 0.004136 8.068900 0.087999 -0.004768 0.996109 -1.087700 0.000000 0.000000 0.000000 1.000000
0.996193 -0.006612 -0.086923 -0.035900 0.007392 0.999935 0.008651 8.068900 0.086861 -0.009261 0.996177 -1.087700 0.000000 0.000000 0.000000 1.000000
0.995578 -0.008254 -0.093578 -0.035900 0.008336 0.999965 0.000491 8.068900 0.093570 -0.001269 0.995612 -1.087700 0.000000 0.000000 0.000000 1.000000
0.993797 -0.011633 -0.110600 -0.035900 0.010311 0.999868 -0.012521 8.068900 0.110731 0.011303 0.993786 -1.087700 0.000000 0.000000 0.000000 1.000000
0.990310 -0.019204 -0.137537 -0.035900 0.016625 0.999664 -0.019877 8.068900 0.137872 0.017398 0.990297 -1.087700 0.000000 0.000000 0.000000 1.000000
0.985876 -0.027282 -0.165242 -0.035900 0.023279 0.999388 -0.026114 8.068900 0.165854 0.021899 0.985907 -1.087700 0.000000 0.000000 0.000000 1.000000
0.983801 -0.024710 -0.177551 -0.035900 0.017374 0.998935 -0.042751 8.068900 0.178418 0.038974 0.983183 -1.087700 0.000000 0.000000 0.000000 1.000000
0.986304 -0.004236 -0.164881 -0.035900 -0.008296 0.997131 -0.075241 8.068900 0.164727 0.075578 0.983439 -1.087700 0.000000 0.000000 0.000000 1.000000
0.990703 0.024330 -0.133852 -0.035900 -0.040571 0.991947 -0.119984 8.068900 0.129855 0.124299 0.983711 -1.087700 0.000000 0.000000 0.000000 1.000000
0.994525 0.037747 -0.097440 -0.035900 -0.054291 0.983395 -0.173169 8.068900 0.089285 0.177511 0.980060 -1.087700 0.000000 0.000000 0.000000 1.000000
0.997624 0.025899 -0.063847 -0.035900 -0.040297 0.970972 -0.235775 8.068900 0.055888 0.237787 0.969708 -1.087700 0.000000 0.000000 0.000000 1.000000
0.998965 -0.003526 -0.045358 -0.035900 -0.009954 0.955892 -0.293550 8.068900 0.044392 0.293697 0.954867 -1.087700 0.000000 0.000000 0.000000 1.000000
0.997498 -0.046360 -0.053366 -0.035900 0.027062 0.947845 -0.317581 8.068900 0.065305 0.315342 0.946728 -1.087700 0.000000 0.000000 0.000000 1.000000
0.992521 -0.101118 -0.068385 -0.035900 0.075365 0.948283 -0.308350 8.068900 0.096028 0.300891 0.948812 -1.087700 0.000000 0.000000 0.000000 1.000000
0.986488 -0.148612 -0.068959 -0.035900 0.122982 0.949817 -0.287617 8.068900 0.108242 0.275250 0.955260 -1.087700 0.000000 0.000000 0.000000 1.000000
0.984478 -0.162602 -0.066053 -0.035900 0.139598 0.953586 -0.266807 8.068900 0.106370 0.253445 0.961484 -1.087700 0.000000 0.000000 0.000000 1.000000
0.985683 -0.151745 -0.073497 -0.035900 0.128460 0.958218 -0.255569 8.068900 0.109207 0.242469 0.963993 -1.087700 0.000000 0.000000 0.000000 1.000000
0.985631 -0.147737 -0.081886 -0.035900 0.122526 0.959027 -0.255448 8.068900 0.116270 0.241745 0.963349 -1.087700 0.000000 0.000000 0.000000 1.000000
0.984874 -0.147787 -0.090454 -0.035900 0.119839 0.958027 -0.260429 8.068900 0.125145 0.245650 0.961247 -1.087700 0.000000 0.000000 0.000000 1.000000
0.982880 -0.156353 -0.097471 -0.035900 0.125066 0.954647 -0.270201 8.068900 0.135297 0.253385 0.957857 -1.087700 0.000000 0.000000 0.000000 1.000000
0.979634 -0.172805 -0.102250 -0.035900 0.137893 0.949160 -0.282985 8.068900 0.145952 0.263122 0.953658 -1.087700 0.000000 0.000000 0.000000 1.000000
0.975711 -0.192548 -0.104468 -0.035900 0.154344 0.942663 -0.295914 8.068900 0.155456 0.272602 0.949485 -1.087700 0.000000 0.000000 0.000000 1.000000
0.971625 -0.212973 -0.102897 -0.035900 0.172700 0.936034 -0.306618 8.068900 0.161617 0.280147 0.946255 -1.087700 0.000000 0.000000 0.000000 1.000000
0.968406 -0.230163 -0.095990 -0.035900 0.190129 0.930516 -0.313035 8.068900 0.161369 0.284895 0.944878 -1.087700 0.000000 0.000000 0.000000 1.000000
0.969821 -0.232096 -0.074686 -0.035900 0.199058 0.930609 -0.307151 8.068900 0.140792 0.283015 0.948726 -1.087700 0.000000 0.000000 0.000000 1.000000
0.978137 -0.205558 -0.031539 -0.035900 0.188566 0.940598 -0.282343 8.068900 0.087703 0.270223 0.958795 -1.087700 0.000000 0.000000 0.000000 1.000000
0.986597 -0.161505 0.023292 -0.035900 0.162107 0.953795 -0.252974 8.068900 0.018641 0.253359 0.967193 -1.087700 0.000000 0.000000 0.000000 1.000000
0.990479 -0.108276 0.085011 -0.035900 0.125060 0.965853 -0.226911 8.068900 -0.057539 0.235382 0.970198 -1.087700 0.000000 0.000000 0.000000 1.000000
0.988016 -0.053768 0.144684 -0.035900 0.083195 0.975058 -0.205769 8.068900 -0.130011 0.215340 0.967846 -1.087700 0.000000 0.000000 0.000000 1.000000</float_array>
        <technique_common>
          <accessor source="#Spine2-Matrix-animation-output-transform-array" count="38" stride="16">
            <param type="float4x4"/>
          </accessor>
        </technique_common>
      </source>
      <source id="Spine2-Interpolations">
        <Name_array id="Spine2-Interpolations-array" count="38">
 LINEAR LINEAR LINEAR LINEAR LINEAR LINEAR LINEAR LINEAR LINEAR LINEAR LINEAR
LINEAR LINEAR LINEAR LINEAR LINEAR LINEAR LINEAR LINEAR LINEAR LINEAR LINEAR LINEAR
LINEAR LINEAR LINEAR LINEAR LINEAR LINEAR LINEAR LINEAR LINEAR LINEAR LINEAR LINEAR
LINEAR LINEAR LINEAR</Name_array>
        <technique_common>
          <accessor source="#Spine2-Interpolations-array" count="38">
            <param type="name"/>
          </accessor>
        </technique_common>
      </source>
      <sampler id="Spine2-Matrix-animation-transform">
        <input semantic="INPUT" source="#Spine2-Matrix-animation-input"/>
        <input semantic="OUTPUT" source="#Spine2-Matrix-animation-output-transform"/>
        <input semantic="INTERPOLATION" source="#Spine2-Interpolations"/>
      </sampler>
      <channel source="#Spine2-Matrix-animation-transform" target="Spine2/matrix"/>
      <source id="Neck-Matrix-animation-input">
        <float_array id="Neck-Matrix-animation-input-array" count="38">

0.000000 0.033333 0.066667 0.100000 0.133333 0.166667 0.200000 0.233333 0.266667 0.300000 0.333333 0.366667 0.400000 0.433333 0.466667 0.500000
0.533333 0.566667 0.600000 0.633333 0.666667 0.700000 0.733333 0.766667 0.800000 0.833333 0.866667 0.900000 0.933333 0.966667 1.000000 1.033333
1.066667 1.100000 1.133333 1.166667 1.200000 1.233333</float_array>
        <technique_common>
          <accessor source="#Neck-Matrix-animation-input-array" count="38">
            <param name="TIME" type="float"/>
          </accessor>
        </technique_common>
      </source>
      <source id="Neck-Matrix-animation-output-transform">
        <float_array id="Neck-Matrix-animation-output-transform-array" count="608">

0.995420 0.095427 0.005643 -0.040300 -0.095505 0.995304 0.015745 18.919500 -0.004114 -0.016212 0.999860 -3.736100 0.000000 0.000000 0.000000 1.000000
0.994423 0.104648 0.013072 -0.040300 -0.104160 0.993991 -0.033653 18.919500 -0.016516 0.032104 0.999348 -3.736100 0.000000 0.000000 0.000000 1.000000
0.993023 0.116165 0.020289 -0.040300 -0.115055 0.992137 -0.049270 18.919500 -0.025853 0.046592 0.998579 -3.736100 0.000000 0.000000 0.000000 1.000000
0.991979 0.122378 0.031627 -0.040300 -0.121039 0.991790 -0.041262 18.919500 -0.036417 0.037103 0.998648 -3.736100 0.000000 0.000000 0.000000 1.000000
0.992160 0.115868 0.046829 -0.040300 -0.115086 0.993173 -0.019065 18.919500 -0.048719 0.013526 0.998721 -3.736100 0.000000 0.000000 0.000000 1.000000
0.994052 0.090755 0.060206 -0.040300 -0.091426 0.995776 0.008492 18.919500 -0.059181 -0.013946 0.998150 -3.736100 0.000000 0.000000 0.000000 1.000000
0.997057 0.043424 0.063181 -0.040300 -0.045570 0.998418 0.032925 18.919500 -0.061652 -0.035707 0.997459 -3.736100 0.000000 0.000000 0.000000 1.000000
0.997661 -0.054628 0.041089 -0.040300 0.051931 0.996594 0.064057 18.919500 -0.044448 -0.061774 0.997100 -3.736100 0.000000 0.000000 0.000000 1.000000
0.982558 -0.185958 0.000398 -0.040300 0.184887 0.977128 0.105063 18.919500 -0.019926 -0.103157 0.994465 -3.736100 0.000000 0.000000 0.000000 1.000000
0.984734 -0.173362 -0.015667 -0.040300 0.173527 0.970595 0.166835 18.919500 -0.013716 -0.167007 0.985860 -3.736100 0.000000 0.000000 0.000000 1.000000
0.991972 -0.125605 -0.014679 -0.040300 0.126256 0.977106 0.171238 18.919500 -0.007165 -0.171716 0.985120 -3.736100 0.000000 0.000000 0.000000 1.000000
0.997446 -0.069890 -0.014742 -0.040300 0.071015 0.992487 0.099636 18.919500 0.007668 -0.100428 0.994915 -3.736100 0.000000 0.000000 0.000000 1.000000
0.999848 0.010649 -0.013809 -0.040300 -0.010343 0.999704 0.022042 18.919500 0.014040 -0.021896 0.999662 -3.736100 0.000000 0.000000 0.000000 1.000000
0.995438 0.094932 -0.009540 -0.040300 -0.095252 0.994565 -0.042043 18.919500 0.005496 0.042760 0.999070 -3.736100 0.000000 0.000000 0.000000 1.000000
0.986268 0.165081 -0.004888 -0.040300 -0.164744 0.981309 -0.099460 18.919500 -0.011622 0.098899 0.995030 -3.736100 0.000000 0.000000 0.000000 1.000000
0.979451 0.201652 -0.003522 -0.040300 -0.199802 0.967790 -0.153173 18.919500 -0.027479 0.150730 0.988193 -3.736100 0.000000 0.000000 0.000000 1.000000
0.988086 0.153365 -0.012853 -0.040300 -0.152648 0.965963 -0.208840 18.919500 -0.019613 0.208314 0.977865 -3.736100 0.000000 0.000000 0.000000 1.000000
0.997152 0.071268 -0.024664 -0.040300 -0.075223 0.963233 -0.257922 18.919500 0.005375 0.259043 0.965851 -3.736100 0.000000 0.000000 0.000000 1.000000
0.997875 -0.047797 -0.044271 -0.040300 0.032966 0.956552 -0.289691 18.919500 0.056194 0.287616 0.956096 -3.736100 0.000000 0.000000 0.000000 1.000000
0.978259 -0.194290 -0.072533 -0.040300 0.163299 0.937234 -0.308100 18.919500 0.127841 0.289557 0.948585 -3.736100 0.000000 0.000000 0.000000 1.000000
0.936488 -0.341361 -0.080387 -0.040300 0.301911 0.901369 -0.310457 18.919500 0.178436 0.266470 0.947182 -3.736100 0.000000 0.000000 0.000000 1.000000
0.882013 -0.466775 -0.064602 -0.040300 0.427984 0.850882 -0.304680 18.919500 0.197186 0.241084 0.950261 -3.736100 0.000000 0.000000 0.000000 1.000000
0.877959 -0.473782 -0.068691 -0.040300 0.439086 0.854088 -0.278814 18.919500 0.190765 0.214626 0.957885 -3.736100 0.000000 0.000000 0.000000 1.000000
0.958412 -0.282549 -0.040160 -0.040300 0.267103 0.937639 -0.222462 18.919500 0.100512 0.202484 0.974114 -3.736100 0.000000 0.000000 0.000000 1.000000
0.999733 0.005837 0.022339 -0.040300 -0.001976 0.985595 -0.169109 18.919500 -0.023004 0.169020 0.985344 -3.736100 0.000000 0.000000 0.000000 1.000000
0.996234 0.085264 -0.015765 -0.040300 -0.086519 0.989503 -0.115754 18.919500 0.005730 0.116682 0.993153 -3.736100 0.000000 0.000000 0.000000 1.000000
0.991200 0.002853 -0.132339 -0.040300 -0.011771 0.997707 -0.066654 18.919500 0.131845 0.067625 0.988961 -3.736100 0.000000 0.000000 0.000000 1.000000
0.960356 -0.124468 -0.249450 -0.040300 0.114523 0.991949 -0.054049 18.919500 0.254169 0.023339 0.966878 -3.736100 0.000000 0.000000 0.000000 1.000000
0.936365 -0.181633 -0.300382 -0.040300 0.174026 0.983360 -0.052129 18.919500 0.304852 -0.003463 0.952393 -3.736100 0.000000 0.000000 0.000000 1.000000
0.935728 -0.180368 -0.303119 -0.040300 0.175231 0.983530 -0.044300 18.919500 0.306117 -0.011663 0.951922 -3.736100 0.000000 0.000000 0.000000 1.000000
0.945715 -0.157762 -0.284139 -0.040300 0.153716 0.987436 -0.036632 18.919500 0.286348 -0.009034 0.958083 -3.736100 0.000000 0.000000 0.000000 1.000000
0.961152 -0.119774 -0.248678 -0.040300 0.116138 0.992801 -0.029297 18.919500 0.250396 -0.000722 0.968143 -3.736100 0.000000 0.000000 0.000000 1.000000
0.976913 -0.071946 -0.201158 -0.040300 0.068714 0.997371 -0.023013 18.919500 0.202284 0.008660 0.979289 -3.736100 0.000000 0.000000 0.000000 1.000000
0.988997 -0.020381 -0.146526 -0.040300 0.017926 0.999676 -0.018051 18.919500 0.146846 0.015225 0.989042 -3.736100 0.000000 0.000000 0.000000 1.000000
0.995464 0.028397 -0.090805 -0.040300 -0.029737 0.999467 -0.013436 18.919500 0.090375 0.016075 0.995778 -3.736100 0.000000 0.000000 0.000000 1.000000
0.996853 0.067829 -0.041036 -0.040300 -0.068165 0.997651 -0.006833 18.919500 0.040476 0.009609 0.999134 -3.736100 0.000000 0.000000 0.000000 1.000000
0.995781 0.091631 -0.004823 -0.040300 -0.091606 0.995782 0.005071 18.919500 0.005267 -0.004608 0.999976 -3.736100 0.000000 0.000000 0.000000 1.000000
0.995411 0.095114 0.010504 -0.040300 -0.095356 0.995115 0.025566 18.919500 -0.008021 -0.026450 0.999618 -3.736100 0.000000 0.000000 0.000000 1.000000</float_array>
        <technique_common>
          <accessor source="#Neck-Matrix-animation-output-transform-array" count="38" stride="16">
            <param type="float4x4"/>
          </accessor>
        </technique_common>
      </source>
      <source id="Neck-Interpolations">
        <Name_array id="Neck-Interpolations-array" count="38">
 LINEAR LINEAR LINEAR LINEAR LINEAR LINEAR LINEAR LINEAR LINEAR LINEAR LINEAR
LINEAR LINEAR LINEAR LINEAR LINEAR LINEAR LINEAR LINEAR LINEAR LINEAR LINEAR LINEAR
LINEAR LINEAR LINEAR LINEAR LINEAR LINEAR LINEAR LINEAR LINEAR LINEAR LINEAR LINEAR
LINEAR LINEAR LINEAR</Name_array>
        <technique_common>
          <accessor source="#Neck-Interpolations-array" count="38">
            <param type="name"/>
          </accessor>
        </technique_common>
      </source>
      <sampler id="Neck-Matrix-animation-transform">
        <input semantic="INPUT" source="#Neck-Matrix-animation-input"/>
        <input semantic="OUTPUT" source="#Neck-Matrix-animation-output-transform"/>
        <input semantic="INTERPOLATION" source="#Neck-Interpolations"/>
      </sampler>
      <channel source="#Neck-Matrix-animation-transform" target="Neck/matrix"/>
      <source id="Head-Matrix-animation-input">
        <float_array id="Head-Matrix-animation-input-array" count="38">

0.000000 0.033333 0.066667 0.100000 0.133333 0.166667 0.200000 0.233333 0.266667 0.300000 0.333333 0.366667 0.400000 0.433333 0.466667 0.500000
0.533333 0.566667 0.600000 0.633333 0.666667 0.700000 0.733333 0.766667 0.800000 0.833333 0.866667 0.900000 0.933333 0.966667 1.000000 1.033333
1.066667 1.100000 1.133333 1.166667 1.200000 1.233333</float_array>
        <technique_common>
          <accessor source="#Head-Matrix-animation-input-array" count="38">
            <param name="TIME" type="float"/>
          </accessor>
        </technique_common>
      </source>
      <source id="Head-Matrix-animation-output-transform">
        <float_array id="Head-Matrix-animation-output-transform-array" count="608">

