<?xml version="1.0" encoding="utf-8"?>
<COLLADA xmlns="http://www.collada.org/2005/11/COLLADASchema" version="1.4.1">
  <asset>
    <contributor>
      <author>Mixamo</author>
      <authoring_tool>COLLADA Mixamo exporter</authoring_tool>
      <comments/>
    </contributor>
    <created>2021-07-11T18:48:52Z</created>
    <modified>2021-07-11T18:48:52Z</modified>
    <revision/>
    <title/>
    <unit meter="0.010000"/>
    <up_axis>Y_UP</up_axis>
  </asset>
  <library_animations>
    <animation>
      <source id="Hips-Matrix-animation-input">
        <float_array id="Hips-Matrix-animation-input-array" count="63">

0.000000 0.033333 0.066667 0.100000 0.133333 0.166667 0.200000 0.233333 0.266667 0.300000 0.333333 0.366667 0.400000 0.433333 0.466667 0.500000
0.533333 0.566667 0.600000 0.633333 0.666667 0.700000 0.733333 0.766667 0.800000 0.833333 0.866667 0.900000 0.933333 0.966667 1.000000 1.033333
1.066667 1.100000 1.133333 1.166667 1.200000 1.233333 1.266667 1.300000 1.333333 1.366667 1.400000 1.433333 1.466667 1.500000 1.533333 1.566667
1.600000 1.633333 1.666667 1.700000 1.733333 1.766667 1.800000 1.833333 1.866667 1.900000 1.933333 1.966667 2.000000 2.033333 2.066667</float_array>
        <technique_common>
          <accessor source="#Hips-Matrix-animation-input-array" count="63">
            <param name="TIME" type="float"/>
          </accessor>
        </technique_common>
      </source>
      <source id="Hips-Matrix-animation-output-transform">
        <float_array id="Hips-Matrix-animation-output-transform-array" count="1008">

0.953658 -0.003279 -0.300874 1.755421 -0.070244 0.969884 -0.233217 90.849594 0.292578 0.243544 0.924708 -24.431557 0.000000 0.000000 0.000000 1.000000
0.919120 0.077499 -0.386281 -0.262724 -0.186441 0.949287 -0.253167 84.233482 0.347071 0.304710 0.886957 -21.998934 0.000000 0.000000 0.000000 1.000000
0.872945 0.134883 -0.468801 -2.620616 -0.285088 0.920881 -0.265902 77.732513 0.395844 0.365767 0.842331 -19.181992 0.000000 0.000000 0.000000 1.000000
0.816397 0.168954 -0.552223 -4.619590 -0.367211 0.889903 -0.270609 70.891335 0.445705 0.423707 0.788556 -17.080544 0.000000 0.000000 0.000000 1.000000
0.744348 0.203024 -0.636182 -6.454478 -0.457844 0.848664 -0.264854 64.090973 0.486133 0.488416 0.724655 -15.105545 0.000000 0.000000 0.000000 1.000000
0.644192 0.247289 -0.723785 -8.340016 -0.573422 0.782375 -0.243058 56.684731 0.506166 0.571610 0.645800 -13.253641 0.000000 0.000000 0.000000 1.000000
0.502853 0.298492 -0.811197 -10.408114 -0.709978 0.677925 -0.190656 50.130619 0.493022 0.671804 0.552819 -11.040348 0.000000 0.000000 0.000000 1.000000
0.255928 0.360934 -0.896787 -12.282337 -0.876226 0.478459 -0.057492 44.397293 0.408325 0.800502 0.438710 -6.922821 0.000000 0.000000 0.000000 1.000000
-0.059403 0.342457 -0.937654 -11.894655 -0.934498 0.311183 0.172855 41.232697 0.350977 0.886503 0.301541 -2.077366 0.000000 0.000000 0.000000 1.000000
-0.328197 0.336547 -0.882623 -11.882476 -0.854175 0.293222 0.429426 36.616924 0.403326 0.894850 0.191235 5.239928 0.000000 0.000000 0.000000 1.000000
-0.534455 0.322837 -0.781111 -13.444850 -0.742210 0.262845 0.616472 29.841648 0.404331 0.909225 0.099134 12.794724 0.000000 0.000000 0.000000 1.000000
-0.701881 0.267059 -0.660335 -14.590528 -0.609195 0.255338 0.750789 21.697737 0.369114 0.929237 -0.016526 19.572369 0.000000 0.000000 0.000000 1.000000
-0.878351 0.228639 -0.419791 -14.721546 -0.391647 0.159293 0.906222 14.288055 0.274067 0.960391 -0.050370 26.981730 0.000000 0.000000 0.000000 1.000000
-0.974946 0.153582 -0.160913 -14.144287 -0.172712 -0.066770 0.982707 12.223532 0.140182 0.985878 0.091622 30.432505 0.000000 0.000000 0.000000 1.000000
-0.990858 0.124211 -0.052655 -13.450254 -0.071656 -0.153853 0.985492 14.432358 0.114308 0.980255 0.161347 31.866310 0.000000 0.000000 0.000000 1.000000
-0.987330 0.157284 -0.021017 -12.786949 -0.032731 -0.072259 0.996849 16.436018 0.155269 0.984906 0.076491 33.599758 0.000000 0.000000 0.000000 1.000000
-0.989591 0.143633 -0.008890 -11.367733 -0.009023 -0.000275 0.999959 16.140793 0.143624 0.989631 0.001568 36.201363 0.000000 0.000000 0.000000 1.000000
-0.994527 0.098169 -0.035769 -10.230625 -0.039978 -0.041241 0.998349 15.411624 0.096532 0.994315 0.044939 38.427437 0.000000 0.000000 0.000000 1.000000
-0.993290 0.084951 -0.078471 -9.594835 -0.087506 -0.108469 0.990241 15.798601 0.075611 0.990463 0.115175 40.452114 0.000000 0.000000 0.000000 1.000000
-0.991808 0.081745 -0.098152 -9.668218 -0.105736 -0.094286 0.989914 16.047613 0.071666 0.992183 0.102157 42.433304 0.000000 0.000000 0.000000 1.000000
-0.992101 0.043867 -0.117522 -10.085797 -0.120325 -0.067952 0.990406 15.753304 0.035460 0.996724 0.072693 42.168007 0.000000 0.000000 0.000000 1.000000
-0.990396 -0.003166 -0.138220 -9.972935 -0.137942 -0.044761 0.989428 15.905306 -0.009319 0.998993 0.043894 40.590302 0.000000 0.000000 0.000000 1.000000
-0.989861 -0.057424 -0.129915 -9.497058 -0.129400 -0.012605 0.991512 16.863651 -0.058574 0.998270 0.005046 38.585434 0.000000 0.000000 0.000000 1.000000
-0.984980 -0.109323 -0.133654 -8.953164 -0.134886 0.003918 0.990853 17.745708 -0.107799 0.993999 -0.018605 36.205669 0.000000 0.000000 0.000000 1.000000
-0.973372 -0.147192 -0.175731 -8.417703 -0.176120 -0.010488 0.984313 17.679800 -0.146726 0.989052 -0.015715 33.997936 0.000000 0.000000 0.000000 1.000000
-0.962733 -0.184582 -0.197673 -7.706938 -0.191663 -0.050038 0.980184 17.437218 -0.190815 0.981543 0.012796 31.967421 0.000000 0.000000 0.000000 1.000000
-0.950983 -0.237596 -0.197940 -6.797916 -0.178565 -0.100691 0.978762 17.868872 -0.252481 0.966131 0.053329 29.705250 0.000000 0.000000 0.000000 1.000000
-0.931980 -0.295681 -0.209729 -5.730570 -0.164737 -0.169912 0.971592 18.075619 -0.322917 0.940055 0.109645 27.262424 0.000000 0.000000 0.000000 1.000000
-0.912428 -0.350315 -0.211554 -4.393712 -0.115938 -0.274493 0.954574 17.550793 -0.392472 0.895507 0.209840 24.714619 0.000000 0.000000 0.000000 1.000000
-0.893971 -0.412922 -0.174102 -2.890116 -0.025062 -0.341835 0.939426 17.139437 -0.447424 0.844182 0.295242 21.985130 0.000000 0.000000 0.000000 1.000000
-0.872763 -0.466462 -0.143867 -1.400951 0.050826 -0.379958 0.923606 17.330502 -0.485491 0.798777 0.355322 18.892702 0.000000 0.000000 0.000000 1.000000
-0.848811 -0.507592 -0.147888 0.038908 0.134857 -0.478337 0.867760 19.547609 -0.511208 0.716620 0.474470 15.418447 0.000000 0.000000 0.000000 1.000000
-0.813956 -0.558355 -0.160364 1.259444 0.263259 -0.600604 0.754963 24.873760 -0.517852 0.572290 0.635857 12.210808 0.000000 0.000000 0.000000 1.000000
-0.774807 -0.604290 -0.185765 2.330878 0.389750 -0.687938 0.612239 32.310104 -0.497764 0.401965 0.768541 9.562788 0.000000 0.000000 0.000000 1.000000
-0.740102 -0.630959 -0.232680 3.383910 0.505909 -0.750335 0.425504 40.737156 -0.443063 0.197202 0.874532 7.430813 0.000000 0.000000 0.000000 1.000000
-0.741750 -0.587570 -0.323370 3.892705 0.580808 -0.803857 0.128362 49.611366 -0.335365 -0.092603 0.937526 6.775376 0.000000 0.000000 0.000000 1.000000
-0.810344 -0.462056 -0.360342 3.691767 0.548517 -0.814463 -0.189154 56.665447 -0.206085 -0.350934 0.913441 6.245986 0.000000 0.000000 0.000000 1.000000
-0.896628 -0.376793 -0.232562 3.867647 0.439538 -0.820880 -0.364639 64.811813 -0.053512 -0.429165 0.901639 8.993378 0.000000 0.000000 0.000000 1.000000
-0.938206 -0.328615 -0.108543 3.756445 0.338862 -0.808582 -0.481006 71.918671 0.070300 -0.488064 0.869972 11.307530 0.000000 0.000000 0.000000 1.000000
-0.952004 -0.304142 -0.034431 3.675065 0.265093 -0.763042 -0.589485 78.773956 0.153015 -0.570320 0.807045 12.788750 0.000000 0.000000 0.000000 1.000000
-0.946827 -0.319109 -0.041092 4.236650 0.262051 -0.690744 -0.673945 84.791794 0.186678 -0.648878 0.737638 13.767505 0.000000 0.000000 0.000000 1.000000
-0.918715 -0.379031 -0.110900 5.462691 0.332032 -0.589292 -0.736539 89.370010 0.213819 -0.713491 0.667242 13.869005 0.000000 0.000000 0.000000 1.000000
-0.871784 -0.433135 -0.228883 7.958258 0.434698 -0.468501 -0.769119 91.414589 0.225900 -0.770001 0.596714 13.662782 0.000000 0.000000 0.000000 1.000000
-0.800804 -0.441351 -0.404874 10.534506 0.550631 -0.276581 -0.787597 89.895340 0.235626 -0.853647 0.464508 13.509840 0.000000 0.000000 0.000000 1.000000
-0.788698 -0.467951 -0.398721 12.285580 0.523739 -0.171787 -0.834378 89.135971 0.321953 -0.866898 0.380572 12.495035 0.000000 0.000000 0.000000 1.000000
-0.802982 -0.533289 -0.266124 13.853619 0.375976 -0.106783 -0.920456 88.423683 0.462452 -0.839166 0.286249 10.170832 0.000000 0.000000 0.000000 1.000000
-0.796351 -0.559517 -0.229710 15.480629 0.254131 0.035110 -0.966532 87.042923 0.548856 -0.828075 0.114231 6.503215 0.000000 0.000000 0.000000 1.000000
-0.743842 -0.602689 -0.288904 16.151510 0.234493 0.169448 -0.957236 84.450348 0.625870 -0.779778 0.015284 3.562991 0.000000 0.000000 0.000000 1.000000
-0.660624 -0.647623 -0.379684 16.694233 0.261387 0.275684 -0.925027 81.763069 0.703742 -0.710340 -0.012843 0.589824 0.000000 0.000000 0.000000 1.000000
-0.556105 -0.677397 -0.481539 16.233002 0.294420 0.381255 -0.876334 79.989555 0.777215 -0.629109 -0.012579 -2.186501 0.000000 0.000000 0.000000 1.000000
-0.427571 -0.691643 -0.582077 14.525373 0.318501 0.487352 -0.813047 80.204536 0.846014 -0.533027 0.011911 -4.877586 0.000000 0.000000 0.000000 1.000000
-0.277804 -0.683162 -0.675362 11.805464 0.334230 0.590374 -0.734676 83.032684 0.900619 -0.429822 0.064325 -7.398329 0.000000 0.000000 0.000000 1.000000
-0.111731 -0.649481 -0.752124 10.616055 0.342352 0.685373 -0.642697 86.868370 0.932905 -0.329300 0.145774 -9.561824 0.000000 0.000000 0.000000 1.000000
0.060058 -0.593908 -0.802289 9.865849 0.339274 0.768035 -0.543153 90.468796 0.938768 -0.239575 0.247624 -12.288067 0.000000 0.000000 0.000000 1.000000
0.225690 -0.522641 -0.822138 8.798689 0.319258 0.836987 -0.444439 94.268028 0.920401 -0.162169 0.355757 -15.328131 0.000000 0.000000 0.000000 1.000000
0.376998 -0.441334 -0.814308 8.490719 0.282371 0.892091 -0.352762 97.153557 0.882122 -0.096946 0.460936 -16.754925 0.000000 0.000000 0.000000 1.000000
0.509189 -0.348708 -0.786848 8.501560 0.218976 0.936647 -0.273390 99.184883 0.832332 -0.033094 0.553289 -17.798429 0.000000 0.000000 0.000000 1.000000
0.621111 -0.254265 -0.741330 8.222540 0.129156 0.966184 -0.223176 98.695900 0.773007 0.042870 0.632948 -19.983879 0.000000 0.000000 0.000000 1.000000
0.713410 -0.195440 -0.672941 7.315112 0.066420 0.974855 -0.212709 96.548904 0.697592 0.107052 0.708453 -20.771610 0.000000 0.000000 0.000000 1.000000
0.793204 -0.155642 -0.588730 5.986140 0.024864 0.974257 -0.224065 94.925179 0.608448 0.163091 0.776654 -20.952332 0.000000 0.000000 0.000000 1.000000
0.860472 -0.112766 -0.496863 4.547767 -0.011250 0.970756 -0.239803 93.516914 0.509374 0.211934 0.834040 -21.195332 0.000000 0.000000 0.000000 1.000000
0.914452 -0.063276 -0.399717 3.120340 -0.041086 0.968082 -0.247244 92.149124 0.402603 0.242516 0.882665 -22.205967 0.000000 0.000000 0.000000 1.000000
0.953658 -0.003279 -0.300874 1.755422 -0.070244 0.969884 -0.233218 90.849594 0.292578 0.243544 0.924708 -24.431553 0.000000 0.000000 0.000000 1.000000</float_array>
        <technique_common>
          <accessor source="#Hips-Matrix-animation-output-transform-array" count="63" stride="16">
            <param type="float4x4"/>
          </accessor>
        </technique_common>
      </source>
      <source id="Hips-Interpolations">
        <Name_array id="Hips-Interpolations-array" count="63">
 LINEAR LINEAR LINEAR LINEAR LINEAR LINEAR LINEAR LINEAR LINEAR LINEAR LINEAR
LINEAR LINEAR LINEAR LINEAR LINEAR LINEAR LINEAR LINEAR LINEAR LINEAR LINEAR LINEAR
LINEAR LINEAR LINEAR LINEAR LINEAR LINEAR LINEAR LINEAR LINEAR LINEAR LINEAR LINEAR
LINEAR LINEAR LINEAR LINEAR LINEAR LINEAR LINEAR LINEAR LINEAR LINEAR LINEAR LINEAR
LINEAR LINEAR LINEAR LINEAR LINEAR LINEAR LINEAR LINEAR LINEAR LINEAR LINEAR LINEAR
LINEAR LINEAR LINEAR LINEAR</Name_array>
        <technique_common>
          <accessor source="#Hips-Interpolations-array" count="63">
            <param type="name"/>
          </accessor>
        </technique_common>
      </source>
      <sampler id="Hips-Matrix-animation-transform">
        <input semantic="INPUT" source="#Hips-Matrix-animation-input"/>
        <input semantic="OUTPUT" source="#Hips-Matrix-animation-output-transform"/>
        <input semantic="INTERPOLATION" source="#Hips-Interpolations"/>
      </sampler>
      <channel source="#Hips-Matrix-animation-transform" target="Hips/matrix"/>
      <source id="Spine-Matrix-animation-input">
        <float_array id="Spine-Matrix-animation-input-array" count="63">

0.000000 0.033333 0.066667 0.100000 0.133333 0.166667 0.200000 0.233333 0.266667 0.300000 0.333333 0.366667 0.400000 0.433333 0.466667 0.500000
0.533333 0.566667 0.600000 0.633333 0.666667 0.700000 0.733333 0.766667 0.800000 0.833333 0.866667 0.900000 0.933333 0.966667 1.000000 1.033333
1.066667 1.100000 1.133333 1.166667 1.200000 1.233333 1.266667 1.300000 1.333333 1.366667 1.400000 1.433333 1.466667 1.500000 1.533333 1.566667
1.600000 1.633333 1.666667 1.700000 1.733333 1.766667 1.800000 1.833333 1.866667 1.900000 1.933333 1.966667 2.000000 2.033333 2.066667</float_array>
        <technique_common>
          <accessor source="#Spine-Matrix-animation-input-array" count="63">
            <param name="TIME" type="float"/>
          </accessor>
        </technique_common>
      </source>
      <source id="Spine-Matrix-animation-output-transform">
        <float_array id="Spine-Matrix-animation-output-transform-array" count="1008">

0.929637 0.225634 0.291315 0.000000 -0.023827 0.825749 -0.563534 5.245300 -0.367706 0.516941 0.773023 0.258800 0.000000 0.000000 0.000000 1.000000
0.918866 0.177265 0.352508 0.000000 0.100276 0.759155 -0.643139 5.245300 -0.381614 0.626307 0.679787 0.258800 0.000000 0.000000 0.000000 1.000000
0.899487 0.273160 0.341039 -0.000000 0.089063 0.649499 -0.755128 5.245300 -0.427775 0.709601 0.559888 0.258800 0.000000 0.000000 0.000000 1.000000
0.912674 0.314974 0.260417 0.000000 0.012652 0.615121 -0.788331 5.245300 -0.408492 0.722785 0.557420 0.258800 0.000000 0.000000 0.000000 1.000000
0.927811 0.328593 0.176618 0.000000 -0.105769 0.685721 -0.720139 5.245300 -0.357743 0.649472 0.670974 0.258800 0.000000 0.000000 0.000000 1.000000
0.948488 0.297420 0.109141 0.000000 -0.176187 0.781500 -0.598512 5.245300 -0.263303 0.548452 0.793645 0.258800 0.000000 0.000000 0.000000 1.000000
0.976537 0.196528 0.088044 -0.000000 -0.118848 0.832781 -0.540695 5.245300 -0.179583 0.517545 0.836599 0.258800 0.000000 0.000000 0.000000 1.000000
0.989771 0.029457 0.139591 0.000000 0.040768 0.879252 -0.474608 5.245300 -0.136716 0.475444 0.869058 0.258800 0.000000 0.000000 0.000000 1.000000
0.987528 -0.067393 0.142292 0.000000 0.116674 0.920074 -0.373966 5.245300 -0.105716 0.385904 0.916462 0.258800 0.000000 0.000000 0.000000 1.000000
0.993341 -0.062789 0.096599 0.000000 0.091347 0.940173 -0.328222 5.245300 -0.070211 0.334860 0.939648 0.258800 0.000000 0.000000 0.000000 1.000000
0.993766 -0.088945 0.067217 -0.000000 0.104852 0.950533 -0.292391 5.245300 -0.037885 0.297616 0.953934 0.258800 0.000000 0.000000 0.000000 1.000000
0.991626 -0.111925 0.064421 0.000000 0.124765 0.959069 -0.254207 5.245300 -0.033332 0.260116 0.965002 0.258800 0.000000 0.000000 0.000000 1.000000
0.984926 -0.124534 0.120048 0.000000 0.156490 0.937210 -0.311686 5.245300 -0.073695 0.325774 0.942571 0.258800 0.000000 0.000000 0.000000 1.000000
0.982781 -0.107932 0.149973 -0.000000 0.154833 0.923999 -0.349645 5.245300 -0.100837 0.366846 0.924801 0.258800 0.000000 0.000000 0.000000 1.000000
0.992076 -0.048669 0.115834 0.000000 0.076627 0.964994 -0.250828 5.245300 -0.099571 0.257717 0.961076 0.258800 0.000000 0.000000 0.000000 1.000000
0.990971 0.041755 0.127412 -0.000000 -0.021447 0.987401 -0.156779 5.245300 -0.132353 0.152630 0.979381 0.258800 0.000000 0.000000 0.000000 1.000000
0.989465 0.074998 0.123835 0.000000 -0.056369 0.987436 -0.147622 5.245300 -0.133351 0.139086 0.981261 0.258800 0.000000 0.000000 0.000000 1.000000
0.996879 0.057596 0.053985 -0.000000 -0.045013 0.976525 -0.210648 5.245300 -0.064850 0.207560 0.976070 0.258800 0.000000 0.000000 0.000000 1.000000
0.998309 0.057116 0.010808 0.000000 -0.052547 0.966209 -0.252345 5.245300 -0.024856 0.251351 0.967577 0.258800 0.000000 0.000000 0.000000 1.000000
0.997686 0.066796 0.012679 -0.000000 -0.061987 0.970269 -0.233956 5.245300 -0.027930 0.232628 0.972165 0.258800 0.000000 0.000000 0.000000 1.000000
0.999502 0.031557 0.000802 0.000000 -0.030458 0.970729 -0.238236 5.245300 -0.008296 0.238093 0.971207 0.258800 0.000000 0.000000 0.000000 1.000000
0.999850 -0.012553 -0.011939 -0.000000 0.009240 0.969371 -0.245426 5.245300 0.014655 0.245279 0.969342 0.258800 0.000000 0.000000 0.000000 1.000000
0.999088 -0.042445 0.004598 0.000000 0.042376 0.972772 -0.227858 5.245300 0.005198 0.227845 0.973683 0.258800 0.000000 0.000000 0.000000 1.000000
0.997688 -0.067856 0.003896 0.000000 0.066870 0.969705 -0.234950 5.245300 0.012165 0.234667 0.972000 0.258800 0.000000 0.000000 0.000000 1.000000
0.995512 -0.092487 -0.020054 0.000000 0.082225 0.950220 -0.300536 5.245300 0.046851 0.297538 0.953560 0.258800 0.000000 0.000000 0.000000 1.000000
0.993418 -0.113527 -0.015275 0.000000 0.098918 0.917438 -0.385386 5.245300 0.057765 0.381338 0.922629 0.258800 0.000000 0.000000 0.000000 1.000000
0.990613 -0.136366 0.009473 -0.000000 0.126625 0.889327 -0.439389 5.245300 0.051493 0.436464 0.898247 0.258800 0.000000 0.000000 0.000000 1.000000
0.985572 -0.165988 0.033100 -0.000000 0.161218 0.861090 -0.482217 5.245300 0.051540 0.480596 0.875426 0.258800 0.000000 0.000000 0.000000 1.000000
0.979577 -0.182968 0.083380 -0.000000 0.198550 0.814741 -0.544771 5.245300 0.031742 0.550200 0.834429 0.258800 0.000000 0.000000 0.000000 1.000000
0.974177 -0.172677 0.145471 0.000000 0.225028 0.795276 -0.562937 5.245300 -0.018483 0.581136 0.813597 0.258800 0.000000 0.000000 0.000000 1.000000
0.973189 -0.150486 0.173945 0.000000 0.222945 0.803125 -0.552527 5.245300 -0.056552 0.576493 0.815142 0.258800 0.000000 0.000000 0.000000 1.000000
0.971509 -0.130041 0.198140 0.000000 0.221281 0.797111 -0.561826 5.245300 -0.084880 0.589663 0.803177 0.258800 0.000000 0.000000 0.000000 1.000000
0.964372 -0.128249 0.231384 -0.000000 0.236244 0.811118 -0.535048 5.245300 -0.119060 0.570649 0.812517 0.258800 0.000000 0.000000 0.000000 1.000000
0.966322 -0.134725 0.219249 0.000000 0.221084 0.870658 -0.439405 5.245300 -0.131692 0.473080 0.871122 0.258800 0.000000 0.000000 0.000000 1.000000
0.977470 -0.134526 0.162648 0.000000 0.181847 0.927945 -0.325345 5.245300 -0.107161 0.347592 0.931502 0.258800 0.000000 0.000000 0.000000 1.000000
0.988925 -0.120145 0.087130 0.000000 0.141309 0.941708 -0.305316 5.245300 -0.045369 0.314247 0.948257 0.258800 0.000000 0.000000 0.000000 1.000000
0.998493 -0.054246 0.008334 0.000000 0.053468 0.927219 -0.370683 5.245300 0.012380 0.370570 0.928722 0.258800 0.000000 0.000000 0.000000 1.000000
0.998538 -0.017574 -0.051115 0.000000 0.001028 0.951669 -0.307124 5.245300 0.054042 0.306623 0.950296 0.258800 0.000000 0.000000 0.000000 1.000000
0.998982 -0.039621 -0.021577 0.000000 0.032131 0.960560 -0.276211 5.245300 0.031670 0.275237 0.960855 0.258800 0.000000 0.000000 0.000000 1.000000
0.993362 -0.087518 0.074646 0.000000 0.106076 0.947963 -0.300192 5.245300 -0.044489 0.306117 0.950954 0.258800 0.000000 0.000000 0.000000 1.000000
0.980935 -0.162323 0.106856 0.000000 0.189249 0.922888 -0.335355 5.245300 -0.044180 0.349184 0.936012 0.258800 0.000000 0.000000 0.000000 1.000000
0.951344 -0.266603 0.154489 0.000000 0.305465 0.881815 -0.359296 5.245300 -0.040441 0.389005 0.920347 0.258800 0.000000 0.000000 0.000000 1.000000
0.920360 -0.327607 0.213567 0.000000 0.383018 0.865381 -0.323129 5.245300 -0.078958 0.379195 0.921942 0.258800 0.000000 0.000000 0.000000 1.000000
0.909673 -0.373351 0.181946 0.000000 0.414262 0.846964 -0.333224 5.245300 -0.029692 0.378499 0.925125 0.258800 0.000000 0.000000 0.000000 1.000000
0.886225 -0.420918 0.193477 0.000000 0.462650 0.825509 -0.323249 5.245300 -0.023655 0.375983 0.926325 0.258800 0.000000 0.000000 0.000000 1.000000
0.857027 -0.461386 0.229407 -0.000000 0.514227 0.794180 -0.323803 5.245300 -0.032792 0.395476 0.917891 0.258800 0.000000 0.000000 0.000000 1.000000
0.869466 -0.466700 0.161925 0.000000 0.488171 0.761574 -0.426256 5.245300 0.075615 0.449662 0.889992 0.258800 0.000000 0.000000 0.000000 1.000000
0.879698 -0.462130 0.112106 -0.000000 0.450829 0.735493 -0.505770 5.245300 0.151278 0.495465 0.855353 0.258800 0.000000 0.000000 0.000000 1.000000
0.894523 -0.431044 0.118443 0.000000 0.423739 0.733235 -0.531800 5.245300 0.142383 0.525897 0.838546 0.258800 0.000000 0.000000 0.000000 1.000000
0.912179 -0.390460 0.124383 -0.000000 0.390678 0.736982 -0.551569 5.245300 0.123698 0.551723 0.824803 0.258800 0.000000 0.000000 0.000000 1.000000
0.928530 -0.343815 0.140087 -0.000000 0.360066 0.742017 -0.565476 5.245300 0.090472 0.575502 0.812780 0.258800 0.000000 0.000000 0.000000 1.000000
0.943073 -0.292721 0.157885 0.000000 0.328781 0.748936 -0.575324 5.245300 0.050164 0.594482 0.802543 0.258800 0.000000 0.000000 0.000000 1.000000
0.955877 -0.238886 0.170977 0.000000 0.293608 0.757638 -0.582906 5.245300 0.009709 0.607387 0.794347 0.258800 0.000000 0.000000 0.000000 1.000000
0.966866 -0.181416 0.179604 0.000000 0.253422 0.766897 -0.589616 5.245300 -0.030772 0.615595 0.787462 0.258800 0.000000 0.000000 0.000000 1.000000
0.974349 -0.121393 0.189495 0.000000 0.212365 0.774617 -0.595709 5.245300 -0.074471 0.620670 0.780527 0.258800 0.000000 0.000000 0.000000 1.000000
0.977371 -0.062650 0.202044 -0.000000 0.174272 0.779858 -0.601208 5.245300 -0.119900 0.622814 0.773128 0.258800 0.000000 0.000000 0.000000 1.000000
0.973624 -0.015419 0.227637 0.000000 0.153469 0.782533 -0.603398 5.245300 -0.168830 0.622418 0.764260 0.258800 0.000000 0.000000 0.000000 1.000000
0.965072 0.015101 0.261551 0.000000 0.150722 0.784576 -0.601434 5.245300 -0.214289 0.619848 0.754896 0.258800 0.000000 0.000000 0.000000 1.000000
0.959810 0.054544 0.275299 0.000000 0.125702 0.793489 -0.595462 5.245300 -0.250925 0.606136 0.754742 0.258800 0.000000 0.000000 0.000000 1.000000
0.953879 0.101931 0.282356 0.000000 0.087409 0.805521 -0.586085 5.245300 -0.287184 0.583735 0.759460 0.258800 0.000000 0.000000 0.000000 1.000000
0.945942 0.151470 0.286793 -0.000000 0.043658 0.816736 -0.575358 5.245300 -0.321383 0.556776 0.765972 0.258800 0.000000 0.000000 0.000000 1.000000
0.935521 0.201224 0.290360 0.000000 -0.001509 0.824188 -0.566315 5.245300 -0.353268 0.529361 0.771348 0.258800 0.000000 0.000000 0.000000 1.000000
0.929637 0.225634 0.291315 0.000000 -0.023827 0.825749 -0.563534 5.245300 -0.367706 0.516941 0.773023 0.258800 0.000000 0.000000 0.000000 1.000000</float_array>
        <technique_common>
          <accessor source="#Spine-Matrix-animation-output-transform-array" count="63" stride="16">
            <param type="float4x4"/>
          </accessor>
        </technique_common>
      </source>
      <source id="Spine-Interpolations">
        <Name_array id="Spine-Interpolations-array" count="63">
 LINEAR LINEAR LINEAR LINEAR LINEAR LINEAR LINEAR LINEAR LINEAR LINEAR LINEAR
LINEAR LINEAR LINEAR LINEAR LINEAR LINEAR LINEAR LINEAR LINEAR LINEAR LINEAR LINEAR
LINEAR LINEAR LINEAR LINEAR LINEAR LINEAR LINEAR LINEAR LINEAR LINEAR LINEAR LINEAR
LINEAR LINEAR LINEAR LINEAR LINEAR LINEAR LINEAR LINEAR LINEAR LINEAR LINEAR LINEAR
LINEAR LINEAR LINEAR LINEAR LINEAR LINEAR LINEAR LINEAR LINEAR LINEAR LINEAR LINEAR
LINEAR LINEAR LINEAR LINEAR</Name_array>
        <technique_common>
          <accessor source="#Spine-Interpolations-array" count="63">
            <param type="name"/>
          </accessor>
        </technique_common>
      </source>
      <sampler id="Spine-Matrix-animation-transform">
        <input semantic="INPUT" source="#Spine-Matrix-animation-input"/>
        <input semantic="OUTPUT" source="#Spine-Matrix-animation-output-transform"/>
        <input semantic="INTERPOLATION" source="#Spine-Interpolations"/>
      </sampler>
      <channel source="#Spine-Matrix-animation-transform" target="Spine/matrix"/>
      <source id="Spine1-Matrix-animation-input">
        <float_array id="Spine1-Matrix-animation-input-array" count="63">

0.000000 0.033333 0.066667 0.100000 0.133333 0.166667 0.200000 0.233333 0.266667 0.300000 0.333333 0.366667 0.400000 0.433333 0.466667 0.500000
0.533333 0.566667 0.600000 0.633333 0.666667 0.700000 0.733333 0.766667 0.800000 0.833333 0.866667 0.900000 0.933333 0.966667 1.000000 1.033333
1.066667 1.100000 1.133333 1.166667 1.200000 1.233333 1.266667 1.300000 1.333333 1.366667 1.400000 1.433333 1.466667 1.500000 1.533333 1.566667
1.600000 1.633333 1.666667 1.700000 1.733333 1.766667 1.800000 1.833333 1.866667 1.900000 1.933333 1.966667 2.000000 2.033333 2.066667</float_array>
        <technique_common>
          <accessor source="#Spine1-Matrix-animation-input-array" count="63">
            <param name="TIME" type="float"/>
          </accessor>
        </technique_common>
      </source>
      <source id="Spine1-Matrix-animation-output-transform">
        <float_array id="Spine1-Matrix-animation-output-transform-array" count="1008">

0.988657 -0.140231 0.053782 -0.031400 0.140637 0.990054 -0.003814 11.044900 -0.052712 0.011335 0.998545 -0.697600 0.000000 0.000000 0.000000 1.000000
0.991888 -0.096203 0.083088 -0.031400 0.098888 0.994682 -0.028809 11.044900 -0.079875 0.036792 0.996126 -0.697600 0.000000 0.000000 0.000000 1.000000
0.993295 -0.056677 0.100763 -0.031400 0.061545 0.997049 -0.045878 11.044900 -0.097865 0.051772 0.993852 -0.697600 0.000000 0.000000 0.000000 1.000000
0.995721 -0.040556 0.083030 -0.031400 0.044680 0.997827 -0.048432 11.044900 -0.080886 0.051935 0.995369 -0.697600 0.000000 0.000000 0.000000 1.000000
0.997893 -0.021244 0.061307 -0.031400 0.024464 0.998334 -0.052261 11.044900 -0.060094 0.053651 0.996750 -0.697600 0.000000 0.000000 0.000000 1.000000
0.998926 0.014226 0.044099 -0.031400 -0.011512 0.998060 -0.061189 11.044900 -0.044884 0.060615 0.997152 -0.697600 0.000000 0.000000 0.000000 1.000000
0.999104 0.026494 0.033004 -0.031400 -0.024417 0.997789 -0.061813 11.044900 -0.034568 0.060952 0.997542 -0.697600 0.000000 0.000000 0.000000 1.000000
0.999577 0.000258 0.029067 -0.031400 0.001204 0.998735 -0.050266 11.044900 -0.029044 0.050280 0.998313 -0.697600 0.000000 0.000000 0.000000 1.000000
0.999471 -0.020887 0.024923 -0.031400 0.021757 0.999145 -0.035158 11.044900 -0.024167 0.035682 0.999071 -0.697600 0.000000 0.000000 0.000000 1.000000
0.999513 -0.026600 0.016300 -0.031400 0.027129 0.999082 -0.033169 11.044900 -0.015402 0.033595 0.999317 -0.697600 0.000000 0.000000 0.000000 1.000000
0.999314 -0.036258 0.007548 -0.031400 0.036508 0.998681 -0.036103 11.044900 -0.006229 0.036354 0.999320 -0.697600 0.000000 0.000000 0.000000 1.000000
0.999188 -0.039597 0.007506 -0.031400 0.039860 0.998449 -0.038856 11.044900 -0.005956 0.039124 0.999217 -0.697600 0.000000 0.000000 0.000000 1.000000
0.999009 -0.039457 0.020615 -0.031400 0.040587 0.997513 -0.057630 11.044900 -0.018290 0.058410 0.998125 -0.697600 0.000000 0.000000 0.000000 1.000000
0.998794 -0.038642 0.030281 -0.031400 0.040815 0.996363 -0.074804 11.044900 -0.027280 0.075950 0.996738 -0.697600 0.000000 0.000000 0.000000 1.000000
0.999447 -0.017686 0.028162 -0.031400 0.019227 0.998279 -0.055409 11.044900 -0.027133 0.055920 0.998067 -0.697600 0.000000 0.000000 0.000000 1.000000
0.999387 0.002887 0.034892 -0.031400 -0.001179 0.998804 -0.048883 11.044900 -0.034991 0.048812 0.998195 -0.697600 0.000000 0.000000 0.000000 1.000000
0.999436 0.006770 0.032889 -0.031400 -0.004604 0.997842 -0.065495 11.044900 -0.033261 0.065306 0.997311 -0.697600 0.000000 0.000000 0.000000 1.000000
0.999910 0.001570 0.013298 -0.031400 -0.000513 0.996859 -0.079189 11.044900 -0.013381 0.079175 0.996771 -0.697600 0.000000 0.000000 0.000000 1.000000
0.999995 0.001875 0.002591 -0.031400 -0.001677 0.997231 -0.074351 11.044900 -0.002723 0.074346 0.997229 -0.697600 0.000000 0.000000 0.000000 1.000000
0.999989 0.000589 0.004671 -0.031400 -0.000327 0.998436 -0.055900 11.044900 -0.004697 0.055898 0.998425 -0.697600 0.000000 0.000000 0.000000 1.000000
0.999968 -0.008049 0.000017 -0.031400 0.008040 0.998820 -0.047905 11.044900 0.000368 0.047904 0.998852 -0.697600 0.000000 0.000000 0.000000 1.000000
0.999839 -0.016915 -0.006017 -0.031400 0.016640 0.998933 -0.043080 11.044900 0.006739 0.042973 0.999054 -0.697600 0.000000 0.000000 0.000000 1.000000
0.999714 -0.023626 -0.003572 -0.031400 0.023487 0.999112 -0.034984 11.044900 0.004395 0.034890 0.999382 -0.697600 0.000000 0.000000 0.000000 1.000000
0.999591 -0.027841 -0.006552 -0.031400 0.027608 0.999066 -0.033228 11.044900 0.007471 0.033033 0.999426 -0.697600 0.000000 0.000000 0.000000 1.000000
0.999357 -0.031073 -0.017909 -0.031400 0.030329 0.998724 -0.040390 11.044900 0.019142 0.039821 0.999023 -0.697600 0.000000 0.000000 0.000000 1.000000
0.999126 -0.035473 -0.022104 -0.031400 0.034290 0.998070 -0.051767 11.044900 0.023898 0.050964 0.998415 -0.697600 0.000000 0.000000 0.000000 1.000000
0.998970 -0.040956 -0.019525 -0.031400 0.039663 0.997254 -0.062543 11.044900 0.022033 0.061704 0.997851 -0.697600 0.000000 0.000000 0.000000 1.000000
0.998831 -0.045719 -0.015677 -0.031400 0.044441 0.996270 -0.073971 11.044900 0.019000 0.073187 0.997137 -0.697600 0.000000 0.000000 0.000000 1.000000
0.998793 -0.048996 -0.003533 -0.031400 0.048478 0.994733 -0.090308 11.044900 0.007939 0.090028 0.995908 -0.697600 0.000000 0.000000 0.000000 1.000000
0.998666 -0.049157 0.015811 -0.031400 0.050492 0.993742 -0.099639 11.044900 -0.010814 0.100305 0.994898 -0.697600 0.000000 0.000000 0.000000 1.000000
0.998636 -0.043738 0.028503 -0.031400 0.046369 0.993974 -0.099331 11.044900 -0.023987 0.100517 0.994646 -0.697600 0.000000 0.000000 0.000000 1.000000
0.998518 -0.036290 0.040566 -0.031400 0.040385 0.993635 -0.105158 11.044900 -0.036491 0.106640 0.993628 -0.697600 0.000000 0.000000 0.000000 1.000000
0.997940 -0.034500 0.054090 -0.031400 0.040111 0.993521 -0.106332 11.044900 -0.050071 0.108282 0.992858 -0.697600 0.000000 0.000000 0.000000 1.000000
0.998009 -0.034103 0.053053 -0.031400 0.038323 0.996005 -0.080660 11.044900 -0.050090 0.082533 0.995329 -0.697600 0.000000 0.000000 0.000000 1.000000
0.998814 -0.028338 0.039597 -0.031400 0.030506 0.998007 -0.055243 11.044900 -0.037953 0.056385 0.997687 -0.697600 0.000000 0.000000 0.000000 1.000000
0.999747 -0.009137 0.020544 -0.031400 0.010457 0.997827 -0.065058 11.044900 -0.019905 0.065256 0.997670 -0.697600 0.000000 0.000000 0.000000 1.000000
0.999731 0.023022 0.002687 -0.031400 -0.022805 0.997725 -0.063440 11.044900 -0.004142 0.063362 0.997982 -0.697600 0.000000 0.000000 0.000000 1.000000
0.999086 0.041735 -0.009265 -0.031400 -0.041727 0.999129 0.000989 11.044900 0.009298 -0.000602 0.999957 -0.697600 0.000000 0.000000 0.000000 1.000000
0.999717 0.023395 -0.004231 -0.031400 -0.023271 0.999356 0.027306 11.044900 0.004867 -0.027200 0.999618 -0.697600 0.000000 0.000000 0.000000 1.000000
0.999838 0.007667 0.016275 -0.031400 -0.008031 0.999716 0.022432 11.044900 -0.016099 -0.022559 0.999616 -0.697600 0.000000 0.000000 0.000000 1.000000
0.999766 -0.013849 0.016610 -0.031400 0.013532 0.999727 0.019049 11.044900 -0.016869 -0.018820 0.999681 -0.697600 0.000000 0.000000 0.000000 1.000000
0.999410 -0.030792 0.015209 -0.031400 0.030557 0.999414 0.015445 11.044900 -0.015676 -0.014971 0.999765 -0.697600 0.000000 0.000000 0.000000 1.000000
0.998865 -0.041388 0.023570 -0.031400 0.041102 0.999077 0.012490 11.044900 -0.024065 -0.011507 0.999644 -0.697600 0.000000 0.000000 0.000000 1.000000
0.998851 -0.046339 0.012231 -0.031400 0.046363 0.998923 -0.001668 11.044900 -0.012140 0.002233 0.999924 -0.697600 0.000000 0.000000 0.000000 1.000000
0.998417 -0.054784 0.012770 -0.031400 0.054935 0.998420 -0.011790 11.044900 -0.012104 0.012473 0.999849 -0.697600 0.000000 0.000000 0.000000 1.000000
0.997650 -0.065237 0.020955 -0.031400 0.065726 0.997559 -0.023579 11.044900 -0.019365 0.024901 0.999502 -0.697600 0.000000 0.000000 0.000000 1.000000
0.996633 -0.081852 0.004835 -0.031400 0.081993 0.994508 -0.065054 11.044900 0.000517 0.065231 0.997870 -0.697600 0.000000 0.000000 0.000000 1.000000
0.995556 -0.093774 -0.008642 -0.031400 0.092575 0.991378 -0.092736 11.044900 0.017263 0.091524 0.995653 -0.697600 0.000000 0.000000 0.000000 1.000000
0.994403 -0.105470 -0.006201 -0.031400 0.104408 0.989979 -0.095082 11.044900 0.016167 0.093902 0.995450 -0.697600 0.000000 0.000000 0.000000 1.000000
0.993122 -0.117071 -0.001611 -0.031400 0.116405 0.988758 -0.093845 11.044900 0.012579 0.093012 0.995586 -0.697600 0.000000 0.000000 0.000000 1.000000
0.991725 -0.128294 0.004632 -0.031400 0.128191 0.987697 -0.089568 11.044900 0.006916 0.089420 0.995970 -0.697600 0.000000 0.000000 0.000000 1.000000
0.990240 -0.138855 0.012031 -0.031400 0.139375 0.986770 -0.082822 11.044900 -0.000372 0.083690 0.996492 -0.697600 0.000000 0.000000 0.000000 1.000000
0.988712 -0.148474 0.020095 -0.031400 0.149569 0.985962 -0.074214 11.044900 -0.008794 0.076381 0.997040 -0.697600 0.000000 0.000000 0.000000 1.000000
0.987212 -0.156872 0.028334 -0.031400 0.158412 0.985272 -0.064384 11.044900 -0.017817 0.068050 0.997523 -0.697600 0.000000 0.000000 0.000000 1.000000
0.985831 -0.163773 0.036269 -0.031400 0.165574 0.984717 -0.054008 11.044900 -0.026870 0.059248 0.997882 -0.697600 0.000000 0.000000 0.000000 1.000000
0.984677 -0.168897 0.043422 -0.031400 0.170770 0.984338 -0.043781 11.044900 -0.035347 0.050525 0.998097 -0.697600 0.000000 0.000000 0.000000 1.000000
0.983867 -0.171971 0.049319 -0.031400 0.173753 0.984188 -0.034416 11.044900 -0.042621 0.042430 0.998190 -0.697600 0.000000 0.000000 0.000000 1.000000
0.983518 -0.172716 0.053491 -0.031400 0.174307 0.984331 -0.026622 11.044900 -0.048055 0.035507 0.998213 -0.697600 0.000000 0.000000 0.000000 1.000000
0.985043 -0.163769 0.053566 -0.031400 0.165044 0.986078 -0.020289 11.044900 -0.049497 0.028826 0.998358 -0.697600 0.000000 0.000000 0.000000 1.000000
0.986462 -0.155019 0.053490 -0.031400 0.155993 0.987652 -0.014510 11.044900 -0.050580 0.022657 0.998463 -0.697600 0.000000 0.000000 0.000000 1.000000
0.987631 -0.147413 0.053418 -0.031400 0.148119 0.988924 -0.009485 11.044900 -0.051428 0.017280 0.998527 -0.697600 0.000000 0.000000 0.000000 1.000000
0.988431 -0.141903 0.053552 -0.031400 0.142393 0.989795 -0.005421 11.044900 -0.052236 0.012984 0.998550 -0.697600 0.000000 0.000000 0.000000 1.000000
0.988657 -0.140231 0.053782 -0.031400 0.140637 0.990054 -0.003814 11.044900 -0.052712 0.011335 0.998545 -0.697600 0.000000 0.000000 0.000000 1.000000</float_array>
        <technique_common>
          <accessor source="#Spine1-Matrix-animation-output-transform-array" count="63" stride="16">
            <param type="float4x4"/>
          </accessor>
        </technique_common>
      </source>
      <source id="Spine1-Interpolations">
        <Name_array id="Spine1-Interpolations-array" count="63">
 LINEAR LINEAR LINEAR LINEAR LINEAR LINEAR LINEAR LINEAR LINEAR LINEAR LINEAR
LINEAR LINEAR LINEAR LINEAR LINEAR LINEAR LINEAR LINEAR LINEAR LINEAR LINEAR LINEAR
LINEAR LINEAR LINEAR LINEAR LINEAR LINEAR LINEAR LINEAR LINEAR LINEAR LINEAR LINEAR
LINEAR LINEAR LINEAR LINEAR LINEAR LINEAR LINEAR LINEAR LINEAR LINEAR LINEAR LINEAR
LINEAR LINEAR LINEAR LINEAR LINEAR LINEAR LINEAR LINEAR LINEAR LINEAR LINEAR LINEAR
LINEAR LINEAR LINEAR LINEAR</Name_array>
        <technique_common>
          <accessor source="#Spine1-Interpolations-array" count="63">
            <param type="name"/>
          </accessor>
        </technique_common>
      </source>
      <sampler id="Spine1-Matrix-animation-transform">
        <input semantic="INPUT" source="#Spine1-Matrix-animation-input"/>
        <input semantic="OUTPUT" source="#Spine1-Matrix-animation-output-transform"/>
        <input semantic="INTERPOLATION" source="#Spine1-Interpolations"/>
      </sampler>
      <channel source="#Spine1-Matrix-animation-transform" target="Spine1/matrix"/>
      <source id="Spine2-Matrix-animation-input">
        <float_array id="Spine2-Matrix-animation-input-array" count="63">

0.000000 0.033333 0.066667 0.100000 0.133333 0.166667 0.200000 0.233333 0.266667 0.300000 0.333333 0.366667 0.400000 0.433333 0.466667 0.500000
0.533333 0.566667 0.600000 0.633333 0.666667 0.700000 0.733333 0.766667 0.800000 0.833333 0.866667 0.900000 0.933333 0.966667 1.000000 1.033333
1.066667 1.100000 1.133333 1.166667 1.200000 1.233333 1.266667 1.300000 1.333333 1.366667 1.400000 1.433333 1.466667 1.500000 1.533333 1.566667
1.600000 1.633333 1.666667 1.700000 1.733333 1.766667 1.800000 1.833333 1.866667 1.900000 1.933333 1.966667 2.000000 2.033333 2.066667</float_array>
        <technique_common>
          <accessor source="#Spine2-Matrix-animation-input-array" count="63">
            <param name="TIME" type="float"/>
          </accessor>
        </technique_common>
      </source>
      <source id="Spine2-Matrix-animation-output-transform">
        <float_array id="Spine2-Matrix-animation-output-transform-array" count="1008">

0.988656 -0.136183 0.063355 -0.035900 0.136346 0.990660 0.001773 8.068900 -0.063004 0.006886 0.997989 -1.087700 0.000000 0.000000 0.000000 1.000000
0.991354 -0.087799 0.097512 -0.035900 0.090532 0.995605 -0.023958 8.068900 -0.094979 0.032579 0.994946 -1.087700 0.000000 0.000000 0.000000 1.000000
0.992162 -0.045411 0.116411 -0.035900 0.050403 0.997916 -0.040301 8.068900 -0.114338 0.045852 0.992383 -1.087700 0.000000 0.000000 0.000000 1.000000
0.994988 -0.032555 0.094550 -0.035900 0.036792 0.998379 -0.043421 8.068900 -0.092983 0.046682 0.994573 -1.087700 0.000000 0.000000 0.000000 1.000000
0.997559 -0.016402 0.067871 -0.035900 0.019711 0.998635 -0.048367 8.068900 -0.066985 0.049586 0.996521 -1.087700 0.000000 0.000000 0.000000 1.000000
0.998656 0.017813 0.048662 -0.035900 -0.014971 0.998195 -0.058157 8.068900 -0.049611 0.057350 0.997121 -1.087700 0.000000 0.000000 0.000000 1.000000
0.998929 0.028947 0.036092 -0.035900 -0.026743 0.997833 -0.060123 8.068900 -0.037754 0.059094 0.997538 -1.087700 0.000000 0.000000 0.000000 1.000000
0.999576 0.001098 0.029081 -0.035900 0.000363 0.998741 -0.050171 8.068900 -0.029099 0.050160 0.998317 -1.087700 0.000000 0.000000 0.000000 1.000000
0.999506 -0.020827 0.023525 -0.035900 0.021655 0.999135 -0.035506 8.068900 -0.022765 0.035998 0.999093 -1.087700 0.000000 0.000000 0.000000 1.000000
0.999535 -0.026758 0.014642 -0.035900 0.027235 0.999070 -0.033431 8.068900 -0.013734 0.033815 0.999334 -1.087700 0.000000 0.000000 0.000000 1.000000
0.999313 -0.036600 0.005783 -0.035900 0.036785 0.998668 -0.036170 8.068900 -0.004452 0.036358 0.999329 -1.087700 0.000000 0.000000 0.000000 1.000000
0.999187 -0.039847 0.006140 -0.035900 0.040057 0.998440 -0.038900 8.068900 -0.004581 0.039115 0.999224 -1.087700 0.000000 0.000000 0.000000 1.000000
0.999045 -0.039252 0.019193 -0.035900 0.040306 0.997500 -0.058052 8.068900 -0.016867 0.058770 0.998129 -1.087700 0.000000 0.000000 0.000000 1.000000
0.998874 -0.038128 0.028230 -0.035900 0.040167 0.996331 -0.075566 8.068900 -0.025245 0.076615 0.996741 -1.087700 0.000000 0.000000 0.000000 1.000000
0.999491 -0.017080 0.026954 -0.035900 0.018568 0.998261 -0.055954 8.068900 -0.025952 0.056426 0.998069 -1.087700 0.000000 0.000000 0.000000 1.000000
0.999424 0.003786 0.033737 -0.035900 -0.002119 0.998781 -0.049310 8.068900 -0.033882 0.049210 0.998214 -1.087700 0.000000 0.000000 0.000000 1.000000
0.999493 0.007683 0.030911 -0.035900 -0.005627 0.997801 -0.066043 8.068900 -0.031350 0.065835 0.997338 -1.087700 0.000000 0.000000 0.000000 1.000000
0.999935 0.001770 0.011283 -0.035900 -0.000868 0.996842 -0.079405 8.068900 -0.011388 0.079390 0.996779 -1.087700 0.000000 0.000000 0.000000 1.000000
