<?xml version="1.0" encoding="utf-8"?>
<COLLADA xmlns="http://www.collada.org/2005/11/COLLADASchema" version="1.4.1">
  <asset>
    <contributor>
      <author>Mixamo</author>
      <authoring_tool>COLLADA Mixamo exporter</authoring_tool>
      <comments/>
    </contributor>
    <created>2021-07-12T19:09:50Z</created>
    <modified>2021-07-12T19:09:50Z</modified>
    <revision/>
    <title/>
    <unit meter="0.010000"/>
    <up_axis>Y_UP</up_axis>
  </asset>
  <library_animations>
    <animation>
      <source id="Hips-Matrix-animation-input">
        <float_array id="Hips-Matrix-animation-input-array" count="57">

0.000000 0.033333 0.066667 0.100000 0.133333 0.166667 0.200000 0.233333 0.266667 0.300000 0.333333 0.366667 0.400000 0.433333 0.466667 0.500000
0.533333 0.566667 0.600000 0.633333 0.666667 0.700000 0.733333 0.766667 0.800000 0.833333 0.866667 0.900000 0.933333 0.966667 1.000000 1.033333
1.066667 1.100000 1.133333 1.166667 1.200000 1.233333 1.266667 1.300000 1.333333 1.366667 1.400000 1.433333 1.466667 1.500000 1.533333 1.566667
1.600000 1.633333 1.666667 1.700000 1.733333 1.766667 1.800000 1.833333 1.866667</float_array>
        <technique_common>
          <accessor source="#Hips-Matrix-animation-input-array" count="57">
            <param name="TIME" type="float"/>
          </accessor>
        </technique_common>
      </source>
      <source id="Hips-Matrix-animation-output-transform">
        <float_array id="Hips-Matrix-animation-output-transform-array" count="912">

0.996664 0.027957 0.076671 0.045261 -0.016684 0.989452 -0.143900 96.648834 -0.079885 0.142141 0.986618 2.183228 0.000000 0.000000 0.000000 1.000000
0.991381 0.040391 0.124627 -5.282193 -0.029399 0.995615 -0.088808 95.654846 -0.127668 0.084379 0.988221 15.012502 0.000000 0.000000 0.000000 1.000000
0.989048 0.033883 0.143655 -11.281954 -0.028014 0.998696 -0.042681 93.067314 -0.144914 0.038189 0.988707 29.654331 0.000000 0.000000 0.000000 1.000000
0.983670 0.014703 0.179378 -17.391880 -0.009711 0.999541 -0.028680 90.996429 -0.179718 0.026470 0.983362 43.956154 0.000000 0.000000 0.000000 1.000000
0.973526 -0.015521 0.228049 -23.478178 0.023365 0.999223 -0.031734 90.356598 -0.227380 0.036222 0.973132 57.595318 0.000000 0.000000 0.000000 1.000000
0.964894 -0.050738 0.257693 -29.667730 0.060250 0.997758 -0.029149 90.552155 -0.255636 0.043652 0.965787 71.117279 0.000000 0.000000 0.000000 1.000000
0.966320 -0.091079 0.240688 -35.137093 0.095753 0.995375 -0.007768 90.392380 -0.238868 0.030553 0.970571 83.550896 0.000000 0.000000 0.000000 1.000000
0.975349 -0.142922 0.168129 -39.831856 0.145049 0.989424 -0.000376 89.373932 -0.166298 0.024754 0.985765 95.265938 0.000000 0.000000 0.000000 1.000000
0.980586 -0.186271 0.061274 -43.512054 0.188138 0.981793 -0.026218 87.979218 -0.055274 0.037237 0.997777 105.852631 0.000000 0.000000 0.000000 1.000000
0.975097 -0.213852 -0.058767 -47.178806 0.207721 0.973481 -0.095850 86.681282 0.077706 0.081256 0.993660 116.894890 0.000000 0.000000 0.000000 1.000000
0.954293 -0.238254 -0.180441 -50.774849 0.206351 0.961987 -0.178884 85.213417 0.216202 0.133474 0.967182 127.644165 0.000000 0.000000 0.000000 1.000000
0.899979 -0.280805 -0.333445 -54.368313 0.190789 0.941473 -0.277901 82.966583 0.391966 0.186487 0.900880 138.776688 0.000000 0.000000 0.000000 1.000000
0.785723 -0.353047 -0.507933 -57.775612 0.143882 0.902917 -0.405016 79.828888 0.601612 0.245148 0.760240 149.179871 0.000000 0.000000 0.000000 1.000000
0.614644 -0.424301 -0.664968 -61.328915 0.055647 0.864230 -0.500010 76.113632 0.786840 0.270325 0.554804 159.240707 0.000000 0.000000 0.000000 1.000000
0.404913 -0.507507 -0.760580 -64.674919 -0.059795 0.815343 -0.575882 72.019073 0.912398 0.278661 0.299797 169.399567 0.000000 0.000000 0.000000 1.000000
0.198728 -0.572366 -0.795552 -67.777573 -0.180951 0.776358 -0.603759 67.483047 0.963205 0.263940 0.050714 179.016556 0.000000 0.000000 0.000000 1.000000
0.004385 -0.649417 -0.760419 -70.959496 -0.319763 0.719591 -0.616393 61.620857 0.947487 0.245857 -0.204504 189.233871 0.000000 0.000000 0.000000 1.000000
-0.083731 -0.719307 -0.689628 -74.213707 -0.498183 0.629581 -0.596189 55.600037 0.863020 0.293642 -0.411062 199.244614 0.000000 0.000000 0.000000 1.000000
-0.112291 -0.799299 -0.590349 -77.238655 -0.653680 0.506875 -0.561943 49.063194 0.748393 0.322798 -0.579404 210.064896 0.000000 0.000000 0.000000 1.000000
-0.111891 -0.878001 -0.465397 -80.567299 -0.795153 0.359998 -0.487989 41.934887 0.595996 0.315460 -0.738426 220.951553 0.000000 0.000000 0.000000 1.000000
-0.077521 -0.943519 -0.322123 -84.446434 -0.924555 0.188937 -0.330908 33.696178 0.373079 0.272168 -0.886982 231.315765 0.000000 0.000000 0.000000 1.000000
-0.013120 -0.977401 -0.210985 -88.474968 -0.997650 0.026985 -0.062973 26.150558 0.067243 0.209664 -0.975459 241.018326 0.000000 0.000000 0.000000 1.000000
0.038786 -0.983095 -0.178939 -91.913635 -0.953586 -0.089929 0.287378 20.956884 -0.298611 0.159487 -0.940954 249.945129 0.000000 0.000000 0.000000 1.000000
0.044679 -0.981552 -0.185903 -94.570290 -0.786164 -0.149366 0.599697 18.024248 -0.616401 0.119357 -0.778334 258.006989 0.000000 0.000000 0.000000 1.000000
-0.006253 -0.981738 -0.190137 -96.344360 -0.572632 -0.152363 0.805530 16.843166 -0.819789 0.113915 -0.561221 264.291077 0.000000 0.000000 0.000000 1.000000
-0.070068 -0.977162 -0.200609 -97.443886 -0.370969 -0.161156 0.914555 16.393255 -0.925998 0.138501 -0.351205 268.313232 0.000000 0.000000 0.000000 1.000000
-0.124224 -0.965178 -0.230218 -98.420959 -0.173140 -0.207371 0.962819 17.002365 -0.977032 0.159465 -0.141350 271.376038 0.000000 0.000000 0.000000 1.000000
-0.156108 -0.953014 -0.259603 -99.254097 0.052863 -0.270510 0.961265 18.174250 -0.986324 0.136338 0.092608 274.470764 0.000000 0.000000 0.000000 1.000000
-0.160151 -0.943087 -0.291442 -99.804123 0.277790 -0.326381 0.903498 20.388639 -0.947198 0.063737 0.314250 278.169128 0.000000 0.000000 0.000000 1.000000
-0.131003 -0.927315 -0.350607 -100.153053 0.421956 -0.372177 0.826703 23.414286 -0.897102 -0.039641 0.440043 282.912842 0.000000 0.000000 0.000000 1.000000
-0.100305 -0.910687 -0.400734 -100.843369 0.533927 -0.389128 0.750667 26.223919 -0.839560 -0.138667 0.525272 288.807129 0.000000 0.000000 0.000000 1.000000
-0.098428 -0.894421 -0.436260 -102.108307 0.640035 -0.392586 0.660479 28.025196 -0.762016 -0.214212 0.611102 295.634247 0.000000 0.000000 0.000000 1.000000
-0.136739 -0.862128 -0.487891 -103.625481 0.729802 -0.420711 0.538879 29.020573 -0.669844 -0.282378 0.686711 302.727448 0.000000 0.000000 0.000000 1.000000
-0.202084 -0.807662 -0.553935 -105.213661 0.793566 -0.466502 0.390677 29.536306 -0.573947 -0.360635 0.735206 309.599121 0.000000 0.000000 0.000000 1.000000
-0.271525 -0.744791 -0.609557 -106.886719 0.838256 -0.494194 0.230435 29.675697 -0.472865 -0.448396 0.758511 316.138245 0.000000 0.000000 0.000000 1.000000
-0.319980 -0.691192 -0.647972 -108.616089 0.872453 -0.481614 0.082905 29.180370 -0.369376 -0.538797 0.757139 322.500000 0.000000 0.000000 0.000000 1.000000
-0.339374 -0.655364 -0.674777 -110.065872 0.898223 -0.438794 -0.025584 28.097515 -0.279322 -0.614783 0.737578 328.787231 0.000000 0.000000 0.000000 1.000000
-0.332776 -0.633262 -0.698741 -111.175247 0.918707 -0.384837 -0.088761 26.908264 -0.212692 -0.671476 0.709847 335.033264 0.000000 0.000000 0.000000 1.000000
-0.297372 -0.619648 -0.726365 -112.076569 0.939610 -0.324934 -0.107479 26.005001 -0.169421 -0.714461 0.678853 341.312378 0.000000 0.000000 0.000000 1.000000
-0.254843 -0.610963 -0.749519 -112.948326 0.961551 -0.242149 -0.129550 25.391665 -0.102345 -0.753716 0.649182 347.363342 0.000000 0.000000 0.000000 1.000000
-0.245583 -0.617416 -0.747319 -114.215889 0.968677 -0.127046 -0.213363 24.905661 0.036790 -0.776310 0.629277 353.218445 0.000000 0.000000 0.000000 1.000000
-0.268456 -0.640315 -0.719672 -115.896629 0.936399 0.001834 -0.350932 24.306789 0.226027 -0.768110 0.599098 358.814697 0.000000 0.000000 0.000000 1.000000
-0.298606 -0.665276 -0.684283 -117.489136 0.869027 0.106835 -0.483092 23.656574 0.394494 -0.738914 0.546241 364.046997 0.000000 0.000000 0.000000 1.000000
-0.322411 -0.674038 -0.664623 -118.541481 0.808797 0.168648 -0.563388 23.150042 0.491832 -0.719187 0.490786 368.759338 0.000000 0.000000 0.000000 1.000000
-0.341998 -0.666804 -0.662125 -119.085670 0.771613 0.202885 -0.602869 22.890644 0.536331 -0.717084 0.445129 373.033447 0.000000 0.000000 0.000000 1.000000
-0.360638 -0.651050 -0.667888 -119.366714 0.749686 0.223680 -0.622847 22.794426 0.554897 -0.725329 0.407416 377.027222 0.000000 0.000000 0.000000 1.000000
-0.374887 -0.630951 -0.679235 -119.550278 0.737538 0.240927 -0.630866 22.765312 0.561692 -0.737465 0.375030 380.907562 0.000000 0.000000 0.000000 1.000000
-0.381353 -0.611631 -0.693165 -119.787895 0.727613 0.263925 -0.633185 22.717888 0.570219 -0.745823 0.344382 384.809357 0.000000 0.000000 0.000000 1.000000
-0.368754 -0.591824 -0.716774 -120.120026 0.725831 0.298388 -0.619786 22.620052 0.580680 -0.748805 0.319532 388.708984 0.000000 0.000000 0.000000 1.000000
-0.344470 -0.571276 -0.744973 -120.705200 0.724781 0.342530 -0.597800 22.298326 0.596685 -0.745867 0.296058 392.422913 0.000000 0.000000 0.000000 1.000000
-0.329282 -0.556642 -0.762708 -121.254318 0.730318 0.361858 -0.579391 21.848278 0.598505 -0.747802 0.287372 395.295410 0.000000 0.000000 0.000000 1.000000
-0.304338 -0.545092 -0.781187 -121.433281 0.742730 0.377695 -0.552901 21.420376 0.596432 -0.748480 0.289909 397.615601 0.000000 0.000000 0.000000 1.000000
-0.268998 -0.534974 -0.800901 -121.311874 0.758841 0.394371 -0.518297 21.005184 0.593128 -0.747178 0.299875 399.570953 0.000000 0.000000 0.000000 1.000000
-0.233795 -0.525234 -0.818211 -121.144089 0.776570 0.405495 -0.482195 20.528149 0.585046 -0.748133 0.313078 401.244049 0.000000 0.000000 0.000000 1.000000
-0.183072 -0.503539 -0.844353 -120.493217 0.795455 0.428826 -0.428205 20.316647 0.577699 -0.750038 0.322037 402.299133 0.000000 0.000000 0.000000 1.000000
-0.120453 -0.474622 -0.871909 -119.565788 0.813323 0.456421 -0.360812 20.266514 0.569207 -0.752604 0.331044 402.999481 0.000000 0.000000 0.000000 1.000000
-0.042783 -0.440391 -0.896786 -118.736153 0.829019 0.485300 -0.277870 20.240816 0.557582 -0.755340 0.344330 403.363190 0.000000 0.000000 0.000000 1.000000</float_array>
        <technique_common>
          <accessor source="#Hips-Matrix-animation-output-transform-array" count="57" stride="16">
            <param type="float4x4"/>
          </accessor>
        </technique_common>
      </source>
      <source id="Hips-Interpolations">
        <Name_array id="Hips-Interpolations-array" count="57">
 LINEAR LINEAR LINEAR LINEAR LINEAR LINEAR LINEAR LINEAR LINEAR LINEAR LINEAR
LINEAR LINEAR LINEAR LINEAR LINEAR LINEAR LINEAR LINEAR LINEAR LINEAR LINEAR LINEAR
LINEAR LINEAR LINEAR LINEAR LINEAR LINEAR LINEAR LINEAR LINEAR LINEAR LINEAR LINEAR
LINEAR LINEAR LINEAR LINEAR LINEAR LINEAR LINEAR LINEAR LINEAR LINEAR LINEAR LINEAR
LINEAR LINEAR LINEAR LINEAR LINEAR LINEAR LINEAR LINEAR LINEAR LINEAR</Name_array>
        <technique_common>
          <accessor source="#Hips-Interpolations-array" count="57">
            <param type="name"/>
          </accessor>
        </technique_common>
      </source>
      <sampler id="Hips-Matrix-animation-transform">
        <input semantic="INPUT" source="#Hips-Matrix-animation-input"/>
        <input semantic="OUTPUT" source="#Hips-Matrix-animation-output-transform"/>
        <input semantic="INTERPOLATION" source="#Hips-Interpolations"/>
      </sampler>
      <channel source="#Hips-Matrix-animation-transform" target="Hips/matrix"/>
      <source id="Spine-Matrix-animation-input">
        <float_array id="Spine-Matrix-animation-input-array" count="57">

0.000000 0.033333 0.066667 0.100000 0.133333 0.166667 0.200000 0.233333 0.266667 0.300000 0.333333 0.366667 0.400000 0.433333 0.466667 0.500000
0.533333 0.566667 0.600000 0.633333 0.666667 0.700000 0.733333 0.766667 0.800000 0.833333 0.866667 0.900000 0.933333 0.966667 1.000000 1.033333
1.066667 1.100000 1.133333 1.166667 1.200000 1.233333 1.266667 1.300000 1.333333 1.366667 1.400000 1.433333 1.466667 1.500000 1.533333 1.566667
1.600000 1.633333 1.666667 1.700000 1.733333 1.766667 1.800000 1.833333 1.866667</float_array>
        <technique_common>
          <accessor source="#Spine-Matrix-animation-input-array" count="57">
            <param name="TIME" type="float"/>
          </accessor>
        </technique_common>
      </source>
      <source id="Spine-Matrix-animation-output-transform">
        <float_array id="Spine-Matrix-animation-output-transform-array" count="912">

0.999504 -0.012426 0.028922 0.000000 0.014508 0.997231 -0.072942 5.245300 -0.027935 0.073326 0.996917 0.258800 0.000000 0.000000 0.000000 1.000000
0.997689 -0.048339 -0.047753 0.000000 0.045485 0.997213 -0.059135 5.245300 0.050478 0.056827 0.997107 0.258800 0.000000 0.000000 0.000000 1.000000
0.989149 -0.037340 -0.142093 0.000000 0.034005 0.999088 -0.025827 5.245300 0.142928 0.020715 0.989516 0.258800 0.000000 0.000000 0.000000 1.000000
0.965997 0.009993 -0.258359 -0.000000 0.001843 0.998961 0.045530 5.245300 0.258545 -0.044458 0.964976 0.258800 0.000000 0.000000 0.000000 1.000000
0.928037 0.077871 -0.364259 0.000000 -0.029823 0.990298 0.135724 5.245300 0.371293 -0.115093 0.921355 0.258800 0.000000 0.000000 0.000000 1.000000
0.895668 0.135542 -0.423565 0.000000 -0.050131 0.977124 0.206675 5.245300 0.441888 -0.163879 0.881974 0.258800 0.000000 0.000000 0.000000 1.000000
0.887595 0.150362 -0.435391 0.000000 -0.059056 0.974567 0.216174 5.245300 0.456822 -0.166163 0.873901 0.258800 0.000000 0.000000 0.000000 1.000000
0.903075 0.129876 -0.409374 -0.000000 -0.054542 0.980144 0.190636 5.245300 0.426005 -0.149831 0.892228 0.258800 0.000000 0.000000 0.000000 1.000000
0.930838 0.080107 -0.356545 0.000000 -0.023776 0.986886 0.159656 5.245300 0.364659 -0.140137 0.920536 0.258800 0.000000 0.000000 0.000000 1.000000
0.961323 0.013158 -0.275109 0.000000 0.030857 0.987424 0.155053 5.245300 0.273689 -0.157545 0.948828 0.258800 0.000000 0.000000 0.000000 1.000000
0.977592 -0.059586 -0.201901 0.000000 0.093342 0.982360 0.162040 5.245300 0.188684 -0.177255 0.965908 0.258800 0.000000 0.000000 0.000000 1.000000
0.981183 -0.132506 -0.140432 0.000000 0.155259 0.973843 0.165902 5.245300 0.114776 -0.184584 0.976092 0.258800 0.000000 0.000000 0.000000 1.000000
0.976531 -0.196732 -0.087660 0.000000 0.209099 0.963542 0.166927 5.245300 0.051624 -0.181339 0.982065 0.258800 0.000000 0.000000 0.000000 1.000000
0.970083 -0.239201 -0.041490 0.000000 0.242687 0.960022 0.139505 5.245300 0.006461 -0.145401 0.989352 0.258800 0.000000 0.000000 0.000000 1.000000
0.967013 -0.254722 -0.001815 0.000000 0.253137 0.960152 0.118444 5.245300 -0.028427 -0.114996 0.992959 0.258800 0.000000 0.000000 0.000000 1.000000
0.972740 -0.230397 0.026345 -0.000000 0.229378 0.972643 0.036776 5.245300 -0.034097 -0.029731 0.998976 0.258800 0.000000 0.000000 0.000000 1.000000
0.983631 -0.179757 0.012507 0.000000 0.180048 0.983248 -0.028373 5.245300 -0.007197 0.030161 0.999519 0.258800 0.000000 0.000000 0.000000 1.000000
0.981500 -0.187253 0.039917 0.000000 0.190159 0.977672 -0.089423 5.245300 -0.022281 0.095359 0.995194 0.258800 0.000000 0.000000 0.000000 1.000000
0.976053 -0.188777 0.108090 0.000000 0.203360 0.968264 -0.145291 5.245300 -0.077232 0.163793 0.983467 0.258800 0.000000 0.000000 0.000000 1.000000
0.968035 -0.190448 0.163213 -0.000000 0.218936 0.959108 -0.179383 5.245300 -0.122376 0.209382 0.970146 0.258800 0.000000 0.000000 0.000000 1.000000
0.961439 -0.214039 0.172692 0.000000 0.243981 0.953599 -0.176414 5.245300 -0.126919 0.211745 0.969049 0.258800 0.000000 0.000000 0.000000 1.000000
0.952616 -0.239074 0.188061 0.000000 0.271249 0.947462 -0.169529 5.245300 -0.137651 0.212507 0.967416 0.258800 0.000000 0.000000 0.000000 1.000000
0.944339 -0.239948 0.225054 0.000000 0.282044 0.942665 -0.178420 5.245300 -0.169340 0.231964 0.957871 0.258800 0.000000 0.000000 0.000000 1.000000
0.949001 -0.210798 0.234439 0.000000 0.257518 0.947274 -0.190675 5.245300 -0.181884 0.241323 0.953248 0.258800 0.000000 0.000000 0.000000 1.000000
0.969861 -0.150413 0.191692 0.000000 0.187527 0.963095 -0.193086 5.245300 -0.155575 0.223214 0.962274 0.258800 0.000000 0.000000 0.000000 1.000000
0.984509 -0.091373 0.149643 0.000000 0.119824 0.973700 -0.193778 5.245300 -0.128001 0.208707 0.969566 0.258800 0.000000 0.000000 0.000000 1.000000
0.989097 -0.047662 0.139340 -0.000000 0.076640 0.974548 -0.210673 5.245300 -0.125752 0.219055 0.967575 0.258800 0.000000 0.000000 0.000000 1.000000
0.990261 -0.025534 0.136864 -0.000000 0.057589 0.970120 -0.235691 5.245300 -0.126756 0.241278 0.962142 0.258800 0.000000 0.000000 0.000000 1.000000
0.994750 -0.035332 0.096042 0.000000 0.060237 0.960855 -0.270424 5.245300 -0.082728 0.274790 0.957939 0.258800 0.000000 0.000000 0.000000 1.000000
0.994572 -0.104049 0.000148 0.000000 0.097635 0.932770 -0.346999 5.245300 0.035967 0.345130 0.937865 0.258800 0.000000 0.000000 0.000000 1.000000
0.982486 -0.163101 -0.090112 0.000000 0.111530 0.902122 -0.416818 5.245300 0.149276 0.399468 0.904512 0.258800 0.000000 0.000000 0.000000 1.000000
0.975747 -0.163269 -0.145809 0.000000 0.079849 0.885675 -0.457389 5.245300 0.203817 0.434653 0.877232 0.258800 0.000000 0.000000 0.000000 1.000000
0.981488 -0.098339 -0.164350 0.000000 0.007079 0.876158 -0.481972 5.245300 0.191393 0.471886 0.860635 0.258800 0.000000 0.000000 0.000000 1.000000
0.984191 0.004171 -0.177059 0.000000 -0.093165 0.862420 -0.497545 5.245300 0.150624 0.506175 0.849175 0.258800 0.000000 0.000000 0.000000 1.000000
0.976319 0.109735 -0.186438 0.000000 -0.189582 0.849120 -0.493005 5.245300 0.104208 0.516676 0.849816 0.258800 0.000000 0.000000 0.000000 1.000000
0.963587 0.193224 -0.184835 0.000000 -0.258672 0.848702 -0.461296 5.245300 0.067737 0.492311 0.867780 0.258800 0.000000 0.000000 0.000000 1.000000
0.953009 0.247958 -0.174041 0.000000 -0.298571 0.866025 -0.401069 5.245300 0.051276 0.434186 0.899363 0.258800 0.000000 0.000000 0.000000 1.000000
0.947739 0.274540 -0.162540 0.000000 -0.313540 0.895704 -0.315290 5.245300 0.059028 0.349775 0.934972 0.258800 0.000000 0.000000 0.000000 1.000000
0.947604 0.269402 -0.171668 0.000000 -0.305773 0.920489 -0.243317 5.245300 0.092468 0.283060 0.954634 0.258800 0.000000 0.000000 0.000000 1.000000
0.959072 0.217107 -0.181785 0.000000 -0.253239 0.944869 -0.207586 5.245300 0.126695 0.245125 0.961178 0.258800 0.000000 0.000000 0.000000 1.000000
0.979870 0.118828 -0.160422 0.000000 -0.148086 0.971541 -0.184877 5.245300 0.133888 0.204912 0.969580 0.258800 0.000000 0.000000 0.000000 1.000000
0.994460 -0.003802 -0.105050 0.000000 -0.012070 0.988605 -0.150045 5.245300 0.104424 0.150482 0.983082 0.258800 0.000000 0.000000 0.000000 1.000000
0.993320 -0.105634 -0.046440 0.000000 0.100322 0.989426 -0.104749 5.245300 0.057014 0.099390 0.993414 0.258800 0.000000 0.000000 0.000000 1.000000
0.988429 -0.150393 -0.019730 0.000000 0.148507 0.985993 -0.075912 5.245300 0.030870 0.072104 0.996919 0.258800 0.000000 0.000000 0.000000 1.000000
0.987974 -0.153592 -0.017792 0.000000 0.152109 0.986128 -0.066448 5.245300 0.027751 0.062942 0.997631 0.258800 0.000000 0.000000 0.000000 1.000000
0.990416 -0.135164 -0.028405 -0.000000 0.133031 0.988848 -0.066946 5.245300 0.037137 0.062526 0.997352 0.258800 0.000000 0.000000 0.000000 1.000000
0.992825 -0.111262 -0.043810 0.000000 0.108060 0.991697 -0.069711 5.245300 0.051202 0.064477 0.996605 0.258800 0.000000 0.000000 0.000000 1.000000
0.993567 -0.098484 -0.055902 -0.000000 0.094626 0.993193 -0.067916 5.245300 0.062210 0.062189 0.996124 0.258800 0.000000 0.000000 0.000000 1.000000
0.992189 -0.108015 -0.062395 0.000000 0.104261 0.992703 -0.060590 5.245300 0.068484 0.053611 0.996211 0.258800 0.000000 0.000000 0.000000 1.000000
0.988555 -0.136261 -0.064744 -0.000000 0.132592 0.989474 -0.057965 5.245300 0.071961 0.048717 0.996217 0.258800 0.000000 0.000000 0.000000 1.000000
0.986087 -0.151128 -0.069234 -0.000000 0.148900 0.988185 -0.036312 5.245300 0.073904 0.025498 0.996939 0.258800 0.000000 0.000000 0.000000 1.000000
0.983288 -0.162501 -0.082082 -0.000000 0.160864 0.986628 -0.026228 5.245300 0.085247 0.012586 0.996280 0.258800 0.000000 0.000000 0.000000 1.000000
0.979994 -0.172717 -0.098895 0.000000 0.171315 0.984958 -0.022564 5.245300 0.101305 0.005170 0.994842 0.258800 0.000000 0.000000 0.000000 1.000000
0.976843 -0.182114 -0.112309 0.000000 0.181850 0.983245 -0.012677 5.245300 0.112736 -0.008039 0.993592 0.258800 0.000000 0.000000 0.000000 1.000000
0.974098 -0.184811 -0.130300 0.000000 0.182860 0.982771 -0.026891 5.245300 0.133025 0.002368 0.991110 0.258800 0.000000 0.000000 0.000000 1.000000
0.971373 -0.181026 -0.153831 -0.000000 0.174771 0.983162 -0.053368 5.245300 0.160901 0.024955 0.986655 0.258800 0.000000 0.000000 0.000000 1.000000
0.966272 -0.178378 -0.185740 0.000000 0.166124 0.982879 -0.079700 5.245300 0.196776 0.046156 0.979361 0.258800 0.000000 0.000000 0.000000 1.000000</float_array>
        <technique_common>
          <accessor source="#Spine-Matrix-animation-output-transform-array" count="57" stride="16">
            <param type="float4x4"/>
          </accessor>
        </technique_common>
      </source>
      <source id="Spine-Interpolations">
        <Name_array id="Spine-Interpolations-array" count="57">
 LINEAR LINEAR LINEAR LINEAR LINEAR LINEAR LINEAR LINEAR LINEAR LINEAR LINEAR
LINEAR LINEAR LINEAR LINEAR LINEAR LINEAR LINEAR LINEAR LINEAR LINEAR LINEAR LINEAR
LINEAR LINEAR LINEAR LINEAR LINEAR LINEAR LINEAR LINEAR LINEAR LINEAR LINEAR LINEAR
LINEAR LINEAR LINEAR LINEAR LINEAR LINEAR LINEAR LINEAR LINEAR LINEAR LINEAR LINEAR
LINEAR LINEAR LINEAR LINEAR LINEAR LINEAR LINEAR LINEAR LINEAR LINEAR</Name_array>
        <technique_common>
          <accessor source="#Spine-Interpolations-array" count="57">
            <param type="name"/>
          </accessor>
        </technique_common>
      </source>
      <sampler id="Spine-Matrix-animation-transform">
        <input semantic="INPUT" source="#Spine-Matrix-animation-input"/>
        <input semantic="OUTPUT" source="#Spine-Matrix-animation-output-transform"/>
        <input semantic="INTERPOLATION" source="#Spine-Interpolations"/>
      </sampler>
      <channel source="#Spine-Matrix-animation-transform" target="Spine/matrix"/>
      <source id="Spine1-Matrix-animation-input">
        <float_array id="Spine1-Matrix-animation-input-array" count="57">

0.000000 0.033333 0.066667 0.100000 0.133333 0.166667 0.200000 0.233333 0.266667 0.300000 0.333333 0.366667 0.400000 0.433333 0.466667 0.500000
0.533333 0.566667 0.600000 0.633333 0.666667 0.700000 0.733333 0.766667 0.800000 0.833333 0.866667 0.900000 0.933333 0.966667 1.000000 1.033333
1.066667 1.100000 1.133333 1.166667 1.200000 1.233333 1.266667 1.300000 1.333333 1.366667 1.400000 1.433333 1.466667 1.500000 1.533333 1.566667
1.600000 1.633333 1.666667 1.700000 1.733333 1.766667 1.800000 1.833333 1.866667</float_array>
        <technique_common>
          <accessor source="#Spine1-Matrix-animation-input-array" count="57">
            <param name="TIME" type="float"/>
          </accessor>
        </technique_common>
      </source>
      <source id="Spine1-Matrix-animation-output-transform">
        <float_array id="Spine1-Matrix-animation-output-transform-array" count="912">

0.999930 0.004450 -0.011001 -0.031400 -0.006472 0.981522 -0.191240 11.044900 0.009947 0.191298 0.981482 -0.697600 0.000000 0.000000 0.000000 1.000000
0.999555 -0.006322 -0.029149 -0.031400 0.001614 0.987310 -0.158796 11.044900 0.029783 0.158678 0.986881 -0.697600 0.000000 0.000000 0.000000 1.000000
0.998700 -0.008324 -0.050298 -0.031400 0.003683 0.995784 -0.091658 11.044900 0.050849 0.091353 0.994519 -0.697600 0.000000 0.000000 0.000000 1.000000
0.996977 -0.002630 -0.077647 -0.031400 0.001065 0.999796 -0.020186 11.044900 0.077684 0.020042 0.996777 -0.697600 0.000000 0.000000 0.000000 1.000000
0.994477 0.006731 -0.104742 -0.031400 -0.002888 0.999318 0.036802 11.044900 0.104918 -0.036296 0.993818 -0.697600 0.000000 0.000000 0.000000 1.000000
0.992448 0.012710 -0.122010 -0.031400 -0.004904 0.997934 0.064066 11.044900 0.122572 -0.062984 0.990459 -0.697600 0.000000 0.000000 0.000000 1.000000
0.992071 0.013972 -0.124902 -0.031400 -0.005271 0.997553 0.069722 11.044900 0.125570 -0.068511 0.989716 -0.697600 0.000000 0.000000 0.000000 1.000000
0.993446 0.011136 -0.113762 -0.031400 -0.002983 0.997430 0.071589 11.044900 0.114267 -0.070781 0.990925 -0.697600 0.000000 0.000000 0.000000 1.000000
0.995589 0.000677 -0.093818 -0.031400 0.005975 0.997486 0.070606 11.044900 0.093630 -0.070856 0.993083 -0.697600 0.000000 0.000000 0.000000 1.000000
0.997654 -0.013256 -0.067159 -0.031400 0.017910 0.997444 0.069176 11.044900 0.066071 -0.070216 0.995341 -0.697600 0.000000 0.000000 0.000000 1.000000
0.998635 -0.027926 -0.044139 -0.031400 0.030936 0.997134 0.069035 11.044900 0.042084 -0.070306 0.996637 -0.697600 0.000000 0.000000 0.000000 1.000000
0.998779 -0.042612 -0.025008 -0.031400 0.044221 0.996719 0.067790 11.044900 0.022038 -0.068813 0.997386 -0.697600 0.000000 0.000000 0.000000 1.000000
0.998293 -0.057643 -0.009386 -0.031400 0.058123 0.996308 0.063179 11.044900 0.005710 -0.063617 0.997958 -0.697600 0.000000 0.000000 0.000000 1.000000
0.997637 -0.068651 0.002840 -0.031400 0.068435 0.996489 0.048226 11.044900 -0.006141 -0.047918 0.998832 -0.697600 0.000000 0.000000 0.000000 1.000000
0.997341 -0.071741 0.012775 -0.031400 0.071257 0.996844 0.034989 11.044900 -0.015245 -0.033985 0.999306 -0.697600 0.000000 0.000000 0.000000 1.000000
0.997837 -0.064045 0.014821 -0.031400 0.063833 0.997857 0.014348 11.044900 -0.015708 -0.013371 0.999787 -0.697600 0.000000 0.000000 0.000000 1.000000
0.998796 -0.048600 0.006750 -0.031400 0.048612 0.998817 -0.001569 11.044900 -0.006666 0.001895 0.999976 -0.697600 0.000000 0.000000 0.000000 1.000000
0.998960 -0.044681 0.009047 -0.031400 0.044768 0.998950 -0.009714 11.044900 -0.008604 0.010109 0.999912 -0.697600 0.000000 0.000000 0.000000 1.000000
0.998625 -0.046722 0.023791 -0.031400 0.047156 0.998725 -0.018030 11.044900 -0.022919 0.019127 0.999554 -0.697600 0.000000 0.000000 0.000000 1.000000
0.998048 -0.050504 0.036738 -0.031400 0.051479 0.998333 -0.026107 11.044900 -0.035358 0.027948 0.998984 -0.697600 0.000000 0.000000 0.000000 1.000000
0.997682 -0.055615 0.039224 -0.031400 0.056940 0.997815 -0.033509 11.044900 -0.037275 0.035665 0.998668 -0.697600 0.000000 0.000000 0.000000 1.000000
0.997215 -0.060073 0.044199 -0.031400 0.061937 0.997192 -0.042097 11.044900 -0.041546 0.044717 0.998135 -0.697600 0.000000 0.000000 0.000000 1.000000
0.996720 -0.058266 0.056160 -0.031400 0.061159 0.996812 -0.051236 11.044900 -0.052996 0.054503 0.997106 -0.697600 0.000000 0.000000 0.000000 1.000000
0.997065 -0.046853 0.060554 -0.031400 0.050276 0.997148 -0.056290 11.044900 -0.057744 0.059169 0.996576 -0.697600 0.000000 0.000000 0.000000 1.000000
0.998406 -0.026584 0.049784 -0.031400 0.029166 0.998227 -0.051892 11.044900 -0.048316 0.053262 0.997411 -0.697600 0.000000 0.000000 0.000000 1.000000
0.999213 -0.010354 0.038289 -0.031400 0.011835 0.999182 -0.038658 11.044900 -0.037858 0.039080 0.998519 -0.697600 0.000000 0.000000 0.000000 1.000000
0.999317 -0.005481 0.036558 -0.031400 0.006497 0.999594 -0.027746 11.044900 -0.036391 0.027965 0.998946 -0.697600 0.000000 0.000000 0.000000 1.000000
0.999313 -0.007829 0.036220 -0.031400 0.008841 0.999573 -0.027862 11.044900 -0.035986 0.028163 0.998955 -0.697600 0.000000 0.000000 0.000000 1.000000
0.999621 -0.012248 0.024664 -0.031400 0.013196 0.999166 -0.038650 11.044900 -0.024170 0.038961 0.998948 -0.697600 0.000000 0.000000 0.000000 1.000000
0.999907 -0.012937 -0.004337 -0.031400 0.012698 0.998605 -0.051250 11.044900 0.004994 0.051191 0.998676 -0.697600 0.000000 0.000000 0.000000 1.000000
0.999462 -0.010442 -0.031097 -0.031400 0.008460 0.997965 -0.063194 11.044900 0.031693 0.062897 0.997517 -0.697600 0.000000 0.000000 0.000000 1.000000
0.998957 -0.006225 -0.045240 -0.031400 0.002966 0.997419 -0.071740 11.044900 0.045570 0.071531 0.996397 -0.697600 0.000000 0.000000 0.000000 1.000000
0.998980 0.003985 -0.044982 -0.031400 -0.007748 0.996453 -0.083799 11.044900 0.044488 0.084062 0.995467 -0.697600 0.000000 0.000000 0.000000 1.000000
0.998955 0.017488 -0.042233 -0.031400 -0.021545 0.994993 -0.097593 11.044900 0.040314 0.098400 0.994330 -0.697600 0.000000 0.000000 0.000000 1.000000
0.998737 0.029816 -0.040449 -0.031400 -0.034074 0.993452 -0.109047 11.044900 0.036933 0.110288 0.993213 -0.697600 0.000000 0.000000 0.000000 1.000000
0.998548 0.036855 -0.039300 -0.031400 -0.041203 0.992362 -0.116275 11.044900 0.034715 0.117725 0.992439 -0.697600 0.000000 0.000000 0.000000 1.000000
0.998519 0.037750 -0.039167 -0.031400 -0.042200 0.991896 -0.119838 11.044900 0.034326 0.121313 0.992021 -0.697600 0.000000 0.000000 0.000000 1.000000
0.998565 0.033373 -0.041885 -0.031400 -0.038207 0.991979 -0.120490 11.044900 0.037528 0.121917 0.991831 -0.697600 0.000000 0.000000 0.000000 1.000000
0.998474 0.025237 -0.049116 -0.031400 -0.030947 0.992385 -0.119221 11.044900 0.045733 0.120559 0.991652 -0.697600 0.000000 0.000000 0.000000 1.000000
0.998558 0.014295 -0.051745 -0.031400 -0.020212 0.993079 -0.115698 11.044900 0.049733 0.116577 0.991936 -0.697600 0.000000 0.000000 0.000000 1.000000
0.999092 0.002918 -0.042497 -0.031400 -0.007552 0.993982 -0.109285 11.044900 0.041922 0.109507 0.993102 -0.697600 0.000000 0.000000 0.000000 1.000000
0.999701 -0.007309 -0.023317 -0.031400 0.004918 0.994877 -0.100974 11.044900 0.023936 0.100829 0.994616 -0.697600 0.000000 0.000000 0.000000 1.000000
0.999889 -0.014110 -0.004745 -0.031400 0.013606 0.995543 -0.093319 11.044900 0.006040 0.093244 0.995625 -0.697600 0.000000 0.000000 0.000000 1.000000
0.999862 -0.016304 0.003059 -0.031400 0.016511 0.995923 -0.088686 11.044900 -0.001601 0.088724 0.996055 -0.697600 0.000000 0.000000 0.000000 1.000000
0.999879 -0.015285 0.002740 -0.031400 0.015464 0.996148 -0.086318 11.044900 -0.001410 0.086350 0.996264 -0.697600 0.000000 0.000000 0.000000 1.000000
0.999921 -0.012437 -0.001584 -0.031400 0.012257 0.996277 -0.085339 11.044900 0.002640 0.085313 0.996351 -0.697600 0.000000 0.000000 0.000000 1.000000
0.999933 -0.009025 -0.007258 -0.031400 0.008374 0.996325 -0.085246 11.044900 0.008001 0.085180 0.996333 -0.697600 0.000000 0.000000 0.000000 1.000000
0.999914 -0.006349 -0.011490 -0.031400 0.005343 0.996319 -0.085553 11.044900 0.011991 0.085484 0.996267 -0.697600 0.000000 0.000000 0.000000 1.000000
0.999900 -0.004896 -0.013305 -0.031400 0.003715 0.996169 -0.087367 11.044900 0.013682 0.087309 0.996087 -0.697600 0.000000 0.000000 0.000000 1.000000
0.999904 -0.003546 -0.013423 -0.031400 0.002317 0.995894 -0.090496 11.044900 0.013689 0.090456 0.995806 -0.697600 0.000000 0.000000 0.000000 1.000000
0.999894 -0.000211 -0.014530 -0.031400 -0.001103 0.995909 -0.090354 11.044900 0.014489 0.090360 0.995804 -0.697600 0.000000 0.000000 0.000000 1.000000
0.999840 0.000976 -0.017871 -0.031400 -0.002584 0.995925 -0.090154 11.044900 0.017710 0.090185 0.995768 -0.697600 0.000000 0.000000 0.000000 1.000000
0.999750 0.001124 -0.022334 -0.031400 -0.003125 0.995957 -0.089779 11.044900 0.022143 0.089826 0.995711 -0.697600 0.000000 0.000000 0.000000 1.000000
0.999651 0.002978 -0.026256 -0.031400 -0.005276 0.996114 -0.087911 11.044900 0.025892 0.088019 0.995782 -0.697600 0.000000 0.000000 0.000000 1.000000
0.999467 0.006531 -0.031991 -0.031400 -0.009322 0.996085 -0.087908 11.044900 0.031292 0.088160 0.995615 -0.697600 0.000000 0.000000 0.000000 1.000000
0.999168 0.010478 -0.039411 -0.031400 -0.013968 0.995903 -0.089346 11.044900 0.038313 0.089822 0.995221 -0.697600 0.000000 0.000000 0.000000 1.000000
0.998721 0.014083 -0.048556 -0.031400 -0.018571 0.995470 -0.093245 11.044900 0.047023 0.094027 0.994458 -0.697600 0.000000 0.000000 0.000000 1.000000</float_array>
        <technique_common>
          <accessor source="#Spine1-Matrix-animation-output-transform-array" count="57" stride="16">
            <param type="float4x4"/>
          </accessor>
        </technique_common>
      </source>
      <source id="Spine1-Interpolations">
        <Name_array id="Spine1-Interpolations-array" count="57">
 LINEAR LINEAR LINEAR LINEAR LINEAR LINEAR LINEAR LINEAR LINEAR LINEAR LINEAR
LINEAR LINEAR LINEAR LINEAR LINEAR LINEAR LINEAR LINEAR LINEAR LINEAR LINEAR LINEAR
LINEAR LINEAR LINEAR LINEAR LINEAR LINEAR LINEAR LINEAR LINEAR LINEAR LINEAR LINEAR
LINEAR LINEAR LINEAR LINEAR LINEAR LINEAR LINEAR LINEAR LINEAR LINEAR LINEAR LINEAR
LINEAR LINEAR LINEAR LINEAR LINEAR LINEAR LINEAR LINEAR LINEAR LINEAR</Name_array>
        <technique_common>
          <accessor source="#Spine1-Interpolations-array" count="57">
            <param type="name"/>
          </accessor>
        </technique_common>
      </source>
      <sampler id="Spine1-Matrix-animation-transform">
        <input semantic="INPUT" source="#Spine1-Matrix-animation-input"/>
        <input semantic="OUTPUT" source="#Spine1-Matrix-animation-output-transform"/>
        <input semantic="INTERPOLATION" source="#Spine1-Interpolations"/>
      </sampler>
      <channel source="#Spine1-Matrix-animation-transform" target="Spine1/matrix"/>
      <source id="Spine2-Matrix-animation-input">
        <float_array id="Spine2-Matrix-animation-input-array" count="57">

0.000000 0.033333 0.066667 0.100000 0.133333 0.166667 0.200000 0.233333 0.266667 0.300000 0.333333 0.366667 0.400000 0.433333 0.466667 0.500000
0.533333 0.566667 0.600000 0.633333 0.666667 0.700000 0.733333 0.766667 0.800000 0.833333 0.866667 0.900000 0.933333 0.966667 1.000000 1.033333
1.066667 1.100000 1.133333 1.166667 1.200000 1.233333 1.266667 1.300000 1.333333 1.366667 1.400000 1.433333 1.466667 1.500000 1.533333 1.566667
1.600000 1.633333 1.666667 1.700000 1.733333 1.766667 1.800000 1.833333 1.866667</float_array>
        <technique_common>
          <accessor source="#Spine2-Matrix-animation-input-array" count="57">
            <param name="TIME" type="float"/>
          </accessor>
        </technique_common>
      </source>
      <source id="Spine2-Matrix-animation-output-transform">
        <float_array id="Spine2-Matrix-animation-output-transform-array" count="912">

0.999908 -0.001300 -0.013491 -0.035900 -0.001771 0.974308 -0.225213 8.068900 0.013437 0.225217 0.974216 -1.087700 0.000000 0.000000 0.000000 1.000000
0.999438 -0.012393 -0.031137 -0.035900 0.006151 0.981166 -0.193068 8.068900 0.032943 0.192768 0.980691 -1.087700 0.000000 0.000000 0.000000 1.000000
0.998541 -0.014140 -0.052108 -0.035900 0.007447 0.991943 -0.126462 8.068900 0.053476 0.125890 0.990602 -1.087700 0.000000 0.000000 0.000000 1.000000
0.996798 -0.007867 -0.079578 -0.035900 0.003437 0.998444 -0.055661 8.068900 0.079892 0.055210 0.995273 -1.087700 0.000000 0.000000 0.000000 1.000000
0.994271 0.002296 -0.106866 -0.035900 -0.002232 0.999997 0.000718 8.068900 0.106867 -0.000475 0.994273 -1.087700 0.000000 0.000000 0.000000 1.000000
0.992230 0.009495 -0.124051 -0.035900 -0.006111 0.999599 0.027635 8.068900 0.124264 -0.026662 0.991891 -1.087700 0.000000 0.000000 0.000000 1.000000
0.991888 0.011555 -0.126586 -0.035900 -0.007380 0.999415 0.033402 8.068900 0.126898 -0.032197 0.991393 -1.087700 0.000000 0.000000 0.000000 1.000000
0.993332 0.009078 -0.114927 -0.035900 -0.004977 0.999342 0.035926 8.068900 0.115177 -0.035115 0.992724 -1.087700 0.000000 0.000000 0.000000 1.000000
0.995518 -0.001471 -0.094561 -0.035900 0.004884 0.999344 0.035875 8.068900 0.094446 -0.036176 0.994872 -1.087700 0.000000 0.000000 0.000000 1.000000
0.997583 -0.015636 -0.067706 -0.035900 0.018041 0.999222 0.035060 8.068900 0.067105 -0.036196 0.997089 -1.087700 0.000000 0.000000 0.000000 1.000000
0.998544 -0.030501 -0.044504 -0.035900 0.032078 0.998866 0.035179 8.068900 0.043380 -0.036555 0.998390 -1.087700 0.000000 0.000000 0.000000 1.000000
0.998651 -0.045408 -0.025180 -0.035900 0.046249 0.998356 0.033869 8.068900 0.023601 -0.034988 0.999109 -1.087700 0.000000 0.000000 0.000000 1.000000
0.998119 -0.060618 -0.009172 -0.035900 0.060860 0.997725 0.028986 8.068900 0.007394 -0.029489 0.999538 -1.087700 0.000000 0.000000 0.000000 1.000000
0.997419 -0.071717 0.003449 -0.035900 0.071664 0.997336 0.013628 8.068900 -0.004418 -0.013346 0.999901 -1.087700 0.000000 0.000000 0.000000 1.000000
0.997112 -0.074715 0.013619 -0.035900 0.074723 0.997204 -0.000073 8.068900 -0.013575 0.001091 0.999907 -1.087700 0.000000 0.000000 0.000000 1.000000
0.997642 -0.066962 0.015059 -0.035900 0.067267 0.997518 -0.020802 8.068900 -0.013629 0.021766 0.999670 -1.087700 0.000000 0.000000 0.000000 1.000000
0.998640 -0.051749 0.006372 -0.035900 0.051947 0.997986 -0.036407 8.068900 -0.004475 0.036689 0.999317 -1.087700 0.000000 0.000000 0.000000 1.000000
0.998824 -0.047787 0.008185 -0.035900 0.048106 0.997844 -0.044649 8.068900 -0.006034 0.044990 0.998969 -1.087700 0.000000 0.000000 0.000000 1.000000
0.998533 -0.049234 0.022533 -0.035900 0.050380 0.997297 -0.053483 8.068900 -0.019839 0.054539 0.998315 -1.087700 0.000000 0.000000 0.000000 1.000000
0.998000 -0.052434 0.035315 -0.035900 0.054554 0.996585 -0.061993 8.068900 -0.031944 0.063796 0.997452 -1.087700 0.000000 0.000000 0.000000 1.000000
0.997635 -0.057144 0.038203 -0.035900 0.059703 0.995787 -0.069594 8.068900 -0.034065 0.071710 0.996844 -1.087700 0.000000 0.000000 0.000000 1.000000
0.997198 -0.060717 0.043691 -0.035900 0.064021 0.994842 -0.078682 8.068900 -0.038688 0.081259 0.995942 -1.087700 0.000000 0.000000 0.000000 1.000000
0.996781 -0.057566 0.055801 -0.035900 0.062368 0.994118 -0.088537 8.068900 -0.050376 0.091732 0.994509 -1.087700 0.000000 0.000000 0.000000 1.000000
0.997154 -0.045627 0.060012 -0.035900 0.051126 0.994302 -0.093535 8.068900 -0.055402 0.096337 0.993806 -1.087700 0.000000 0.000000 0.000000 1.000000
0.998459 -0.026356 0.048840 -0.035900 0.030586 0.995652 -0.087988 8.068900 -0.046308 0.089346 0.994924 -1.087700 0.000000 0.000000 0.000000 1.000000
0.999253 -0.011408 0.036918 -0.035900 0.014110 0.997176 -0.073766 8.068900 -0.035973 0.074231 0.996592 -1.087700 0.000000 0.000000 0.000000 1.000000
0.999370 -0.007055 0.034789 -0.035900 0.009227 0.997991 -0.062676 8.068900 -0.034277 0.062957 0.997427 -1.087700 0.000000 0.000000 0.000000 1.000000
0.999370 -0.009533 0.034178 -0.035900 0.011671 0.997949 -0.062938 8.068900 -0.033507 0.063297 0.997432 -1.087700 0.000000 0.000000 0.000000 1.000000
0.999639 -0.014473 0.022634 -0.035900 0.016106 0.997151 -0.073694 8.068900 -0.021503 0.074032 0.997024 -1.087700 0.000000 0.000000 0.000000 1.000000
0.999844 -0.016731 -0.005657 -0.035900 0.016182 0.996164 -0.085994 8.068900 0.007075 0.085889 0.996280 -1.087700 0.000000 0.000000 0.000000 1.000000
0.999377 -0.015908 -0.031514 -0.035900 0.012754 0.995116 -0.097884 8.068900 0.032918 0.097421 0.994699 -1.087700 0.000000 0.000000 0.000000 1.000000
0.998891 -0.012777 -0.045308 -0.035900 0.007885 0.994275 -0.106559 8.068900 0.046410 0.106084 0.993274 -1.087700 0.000000 0.000000 0.000000 1.000000
0.998971 -0.002801 -0.045269 -0.035900 -0.002600 0.992912 -0.118821 8.068900 0.045281 0.118816 0.991883 -1.087700 0.000000 0.000000 0.000000 1.000000
0.999002 0.010481 -0.043411 -0.035900 -0.016169 0.991008 -0.132819 8.068900 0.041628 0.133389 0.990189 -1.087700 0.000000 0.000000 0.000000 1.000000
0.998824 0.022457 -0.042967 -0.035900 -0.028451 0.989107 -0.144422 8.068900 0.039256 0.145475 0.988583 -1.087700 0.000000 0.000000 0.000000 1.000000
0.998639 0.029071 -0.043312 -0.035900 -0.035335 0.987790 -0.151728 8.068900 0.038372 0.153052 0.987473 -1.087700 0.000000 0.000000 0.000000 1.000000
0.998575 0.029454 -0.044496 -0.035900 -0.036041 0.987201 -0.155355 8.068900 0.039350 0.156737 0.986856 -1.087700 0.000000 0.000000 0.000000 1.000000
0.998548 0.024339 -0.048064 -0.035900 -0.031579 0.987229 -0.156147 8.068900 0.043650 0.157438 0.986564 -1.087700 0.000000 0.000000 0.000000 1.000000
